timestamp	Pebble_X	Pebble_Y	Pebble_Z	Pebble_Magnitude
1429522244.5	-0.49334836271920773	0.15605797005069155	-10.045266265666946	9.847585062156366
1429522244.52	-0.5021575490705023	0.05626865315634291	-9.660020561363467	9.85515405588761
1429522244.54	-0.8484484658198076	0.21964341769288656	-9.583618344259735	9.660307944767949
1429522244.56	-0.655490481481644	0.16652904199166924	-9.647396369426938	9.723573322879492
1429522244.58	-0.5082435929086673	0.22586356493450488	-9.539541110857156	9.815765698958367
1429522244.6	-0.6394983472918365	0.026661849105452662	-9.728229322654554	9.61583560969494
1429522244.62	-0.3846313639765523	0.15357159626887326	-9.892254713472317	9.68835498315978
1429522244.64	-0.5041564868797874	0.280935182939175	-9.775391598153291	9.889618316386487
1429522244.66	-0.40467126165185524	0.07691385952372701	-9.611706232404892	9.721188633969948
1429522244.68	-0.3733361005628496	0.1241779718174684	-9.859994552917964	9.509879991015628
1429522244.7	-0.37118319658848076	0.14651329335783553	-9.738529785280118	10.044289788100402
1429522244.72	-0.32452348312865764	0.0872790267041255	-9.659530564057249	9.707753796255293
1429522244.74	-0.5776752991100299	0.12893189533282423	-9.848761625303245	9.597116933762644
1429522244.76	-0.4287299916841671	0.2918183289787717	-9.613216477137541	9.563808663008185
1429522244.78	-0.39092074587118486	0.21835774899439644	-9.79311400140856	9.692852090048937
1429522244.8	-0.6112265850498585	0.10348175969275879	-9.79038764050709	9.84246318620494
1429522244.82	-0.5478539163980914	0.19033141252874908	-9.799847809980731	9.85965889331442
1429522244.84	-0.604670328682686	0.1507386697938262	-9.926140266916649	10.020702676989544
1429522244.86	-0.6036316098001704	0.22018640236153583	-9.738595794054365	9.886259416830525
1429522244.88	-0.6290582953931886	0.15484534005268408	-9.846983222994302	9.783914957073154
1429522244.9	-0.3543992692952316	0.19864932732992127	-9.672910725925076	9.555765623178164
1429522244.92	-0.7831612006389566	0.2769336605083935	-9.803651193549122	9.737967366136386
1429522244.94	-0.8238189702546648	0.13811617322771763	-9.575193816671423	9.791943248235135
1429522244.96	-0.6493387164911422	0.34610560827933823	-9.73124619466018	9.578386577415232
1429522244.98	-0.744879124841273	0.23981619606061294	-9.758030458294623	9.681111736739414
1429522245.0	-0.6678771364338595	0.08950668852827616	-9.827638255822677	9.828059487830831
1429522245.02	-0.6100845972210005	0.13719760920887666	-9.598598400679265	9.761085931832694
1429522245.04	-0.5360134194776972	0.17131627665723057	-9.960340145177021	9.822762608606528
1429522245.06	-0.5407741643071658	0.11182087827291484	-9.751910659768017	9.537489808216538
1429522245.08	-0.7730276719043765	0.13895573279798631	-9.59481497317275	9.521054645264245
1429522245.1	-0.5851268586416445	0.2717037880940464	-9.606655711799025	9.653112816388147
1429522245.12	-0.35395227244780536	0.24304541796356083	-9.79282400228639	9.657508209357454
1429522245.14	-0.30318478210375127	0.2132840015178661	-9.719725716266476	9.896012199652173
1429522245.16	-0.40572317114028045	0.12544002025079684	-9.772981794719842	9.70100207558711
1429522245.18	-0.5930149848187367	0.21078213004389834	-9.691025130420321	9.745975319720984
1429522245.2	-0.6598999430799487	0.08178455585004864	-9.516740308512052	9.707480292657463
1429522245.22	-0.34878582917228773	0.0033445070585510495	-9.478577640413695	9.452594282476987
1429522245.24	-0.5084094103295645	0.14213093922041825	-9.65170723709091	9.767806710260814
1429522245.26	-0.35562586686110453	0.02781411465897117	-9.602595645883348	9.86693905078406
1429522245.28	-0.6653160880455333	0.007456408872866499	-9.5938567807305	9.811212035569596
1429522245.3	-0.3602465793697138	-0.11027068994311047	-9.447326615464437	9.761258531905533
1429522245.32	-0.4700342017831479	0.22719303128892113	-9.625927804236978	9.701993710543634
1429522245.34	-0.49016482388173266	0.20214857814998827	-9.794529234909465	9.684031764798547
1429522245.36	-0.5709635168965912	-0.018040183567581997	-9.58942431013974	9.516415294295058
1429522245.38	-0.4940787139397036	0.2716337935676916	-9.651094900935469	9.586267196248198
1429522245.4	-0.534123486661889	0.038657971101769065	-9.698497567958817	9.709511828043498
1429522245.42	-0.6258125213513062	0.15062250231223206	-9.653754710064105	9.68386209482584
1429522245.44	-0.46490304523180803	0.06550623915256219	-9.668123671435033	9.629029279437544
1429522245.46	-0.6083267992351016	0.14411379802122942	-9.819840083395276	9.742605474582549
1429522245.48	-0.48067977532766315	0.10500065361536051	-9.737665715504306	9.620476947425795
1429522245.5	-0.6829761649521757	0.057067130024187854	-9.623140048972365	9.733070200738137
1429522245.52	-0.5188614737334445	0.08289605769117821	-9.630185041601028	9.82578721008442
1429522245.54	-0.47202627123111707	0.17291800053545023	-9.697296915966636	9.483524570194337
1429522245.56	-0.40065327585627253	0.2509299768569927	-9.608191912911176	9.849195713996135
1429522245.58	-0.6200118449358574	0.2928003183187759	-9.71673387171615	9.707182078621175
1429522245.6	-0.5181725275278148	0.06975110554803166	-9.777226710732373	9.765109263510665
1429522245.62	-0.5769196935956427	0.2241720401098669	-9.549081064771737	9.63726592682049
1429522245.64	-0.5199182038832935	0.12949560170206087	-9.628362356820674	9.55414965305849
1429522245.66	-0.411523430246174	0.28359247736035964	-9.615799157508993	9.650769417351622
1429522245.68	-0.5827910387990562	0.1412419473955775	-9.861517280079648	9.447935471486574
1429522245.7	-0.462920010713045	0.0396897517669976	-9.864529028932363	9.65594964055839
1429522245.72	-0.5224629222049253	0.0953798430103333	-9.88081984999633	9.916006256191245
1429522245.74	-0.5570602344349984	0.19383398336357338	-9.721380594115203	9.507321063996566
1429522245.76	-0.7200699514494632	0.21267822610160844	-9.758923509404434	9.618344647525507
1429522245.78	-0.6891480717321821	0.12315395896215373	-9.58644288824359	9.57764241375643
1429522245.8	-0.4933289509719305	0.2677973766306566	-9.586925999325006	9.42941121108543
1429522245.82	-0.4265424175124416	0.07109990160786023	-9.655297140514861	9.597586237898774
1429522245.84	-0.6436874975240678	0.2086527292011287	-9.794577073465728	9.66745207505941
1429522245.86	-0.5313188232607751	0.26499726364726317	-9.595917684266428	9.718045788193981
1429522245.88	-0.7783889990986135	-0.06807327313876858	-9.819084109810651	9.605447323034355
1429522245.9	-0.5970693729621033	-0.02415973476231173	-9.873482229826875	9.676148642437548
1429522245.92	-0.5777452660723557	0.22132170546270397	-9.658092747832232	9.749660752059835
1429522245.94	-0.5240224114156045	0.07778973174214568	-9.713829964935377	9.935321902250275
1429522245.96	-0.4561769418799343	-0.026902646703822253	-9.753585722803054	9.719837159492503
1429522245.98	-0.3575272481598379	0.3338423732790695	-9.579167847041328	9.675211320188165
1429522246.0	-0.4527931097287313	0.22717615810337585	-9.729424843084455	9.688280913645835
1429522246.02	-0.5566386535793019	0.10695768052877265	-9.599222414935346	9.81338341642621
1429522246.04	-0.49072398937702666	0.1942762357916787	-9.707568379339971	9.730596877731825
1429522246.06	-0.5692089855007829	0.27198374246863655	-9.697338522144749	9.73905243329779
1429522246.08	-0.5040580197588962	0.24525398903906137	-9.649363134047274	9.725043259754166
1429522246.1	-0.6421646544855621	0.18638952321221508	-9.840101154858072	9.743076853155332
1429522246.12	-0.5411279531135827	0.14090183866624148	-9.801309929303185	9.62240595699382
1429522246.14	-0.522804505899929	0.18361542499100575	-9.74279455528261	9.854602412928521
1429522246.16	-0.6296397406701447	0.09346982359574106	-9.715066291149391	9.500418353840981
1429522246.18	-0.4976118019005395	0.22083851221196413	-9.639285693050557	9.63636744290285
1429522246.2	-0.6825401337788438	-0.033022781673912927	-9.865206280649307	9.899787139006634
1429522246.22	-0.4780590047238723	0.1909432080219044	-9.661245757331558	9.78050144507158
1429522246.24	-0.5224614308506899	0.2617099655896157	-9.673284313873571	9.690450679930798
1429522246.26	-0.5776655543433937	0.037137904105122264	-9.468182206695744	9.671437381394105
1429522246.28	-0.5288359374568267	0.1920967838410108	-9.615937594080469	9.487374355395328
1429522246.3	-0.5785151490264535	0.13921518753218934	-9.6389548268234	9.696300599791794
1429522246.32	-0.554282953049325	0.20597039877831436	-9.752219413980846	9.42442555033308
1429522246.34	-0.42682018675981337	0.20162667267940163	-9.696296823587371	9.92529629493576
1429522246.36	-0.7149795381801497	0.3376329187722465	-9.718994625097116	9.570092111234173
1429522246.38	-0.5838862231558101	0.1604277322980241	-9.654130828413031	9.924861789458156
1429522246.4	-0.5645210874001125	0.16763332464250064	-9.773637488668115	9.689775049124068
1429522246.42	-0.5852023387425707	0.07853374248442122	-9.52722258170916	9.565986584284015
1429522246.44	-0.4996562106455329	0.1593449291274013	-9.53660836277197	9.707396239700858
1429522246.46	-0.5865052473349803	0.11801216635168804	-9.792293451097612	9.748268536091391
1429522246.48	-0.4456360852023141	0.0014551439488015572	-9.443188580883177	9.51613742191417
1429522246.5	-0.5176600879049379	0.32814370156234546	-9.615593998420263	9.762887477189246
1429522246.52	-0.34771738834018595	-0.061843223100354436	-9.646208514781781	9.76482882982656
1429522246.54	-0.5494301856637014	-0.006064847309352597	-9.770661530853282	9.78870989372799
1429522246.56	-0.5992829814604488	0.010389798490783364	-9.63483011519509	9.60678393482071
1429522246.58	-0.49782490204357865	0.02082126787520544	-9.695562141741581	9.685303904137282
1429522246.6	-0.5128851600884987	0.23049901707987222	-9.52762005268761	9.722824423540034
1429522246.62	-0.42943773573869043	0.12455943300845214	-9.475597984977114	9.666111215189206
1429522246.64	-0.253261282964762	0.04974896743970764	-9.39496265632312	9.439993047833106
1429522246.66	-0.5724530756373576	0.14151726459490643	-9.601306693070098	9.60470679636147
1429522246.68	-0.7019057888807214	0.031244080425813905	-9.647506981622989	9.849133166172654
1429522246.7	-0.5168056666470843	0.24112358613825613	-10.186184556551996	10.103340154211812
1429522246.72	-0.3996733835638512	0.22688646514081282	-9.60132405077243	9.681860266173379
1429522246.74	-0.6748710168976985	0.20182610771088802	-9.662728675173332	9.70281771739647
1429522246.76	-0.5348951080893084	0.15892094450064062	-9.741592161926029	9.904612539514455
1429522246.78	-0.5767046225474095	0.1991820809767926	-9.66379062717908	9.678982803475352
1429522246.8	-0.6051473662508261	0.19518146582855328	-9.762983809358635	9.673268967840103
1429522246.82	-0.5030724035281571	0.20738296168406237	-9.642189931163957	9.690230822547008
1429522246.84	-0.47806060935348343	0.31986220458839487	-9.556805823495697	9.8173888610595
1429522246.86	-0.4904987574597785	0.3217121776846944	-9.993621804171344	10.182041060878724
1429522246.88	-0.48347211228281145	0.1303346943666299	-9.44183848272786	9.903071171014632
1429522246.9	-0.5404591461231683	0.10244590996747327	-9.552334552991912	9.71788553703117
1429522246.92	-0.7215898474955458	0.08866549553425708	-9.606931617281946	9.78753668321945
1429522246.94	-0.6251429124046605	0.18631527633410502	-9.51904618709493	9.563695837631109
1429522246.96	-0.4574591989862306	0.10621859877419518	-9.67655339399042	9.49155679106725
1429522246.98	-0.5031677209987464	0.12264408241578811	-9.687169407899404	9.708839041136956
1429522247.0	-0.5454065679453642	0.10926052350817841	-9.840899551022558	9.778551854560554
1429522247.02	-0.4186509472594075	0.22321154358100737	-9.534363531988785	9.7743820397386
1429522247.04	-0.48530980579502375	0.18919816704452794	-9.514414692160127	9.647263250126331
1429522247.06	-0.6124302688147965	0.08687750944115036	-9.737091750965469	9.545802610897816
1429522247.08	-0.529749137586005	0.08745957266455458	-9.664702730931893	9.682795143674335
1429522247.1	-0.4437674738937393	0.24910120251254536	-9.721309559088743	9.955181395051854
1429522247.12	-0.6431379445092241	0.26091654917566265	-9.518529222378827	9.531919202516358
1429522247.14	-0.5148277259169545	0.11583550690633326	-9.61958637317422	9.758593030568072
1429522247.16	-0.6241668910294297	0.18732676327062942	-9.604858334991883	9.63923754999805
1429522247.18	-0.45279641962309763	0.14672172316783327	-9.708768684320056	9.693462301537773
1429522247.2	-0.5336788309706434	0.20270865267024651	-9.602520775647099	9.455075068915598
1429522247.22	-0.4391920633270399	0.11970395497960684	-9.725701767390893	9.81717181742997
1429522247.24	-0.4897275031648604	0.25795299704953345	-9.784389362644058	9.617175170712642
1429522247.26	-0.6143420787785102	0.09501505499009115	-9.619550332354	9.735136224960566
1429522247.28	-0.3303665833927276	0.20087660151945752	-9.77662275500827	9.834842654143031
1429522247.3	-0.38782327864061855	0.16124032868223778	-9.637426231364552	9.477687294655608
1429522247.32	-0.4078292460216266	0.3062814596752131	-9.721815860591068	9.796622226845146
1429522247.34	-0.534131941265433	-0.03401917932447435	-9.58824059817589	9.802157067011356
1429522247.36	-0.5697994274788828	0.26380216278087765	-9.663987774710392	9.726992201238259
1429522247.38	-0.2535115849361104	0.15914200159067993	-9.702922130878497	9.74379995047844
1429522247.4	-0.34632044233805304	0.2893828016329585	-9.586111070228563	9.679455576287003
1429522247.42	-0.43672056803445114	0.1907531908877334	-9.702441648742015	9.710477543463254
1429522247.44	-0.4349672240871615	0.06103492438648796	-9.714188635036539	9.632307600446541
1429522247.46	-0.5099420789021563	0.09905603849068542	-9.69946042044956	9.788623823533232
1429522247.48	-0.7006004780874991	0.10156718617437442	-9.484136181192932	9.625400110564986
1429522247.5	-0.48262545685829417	0.06437719883917996	-9.636503182753508	9.645402674200346
1429522247.52	-0.4016635733569797	0.12247717260743	-9.564547541686231	9.540435906948591
1429522247.54	-0.4520534036947813	0.07623528570218319	-9.701042682966406	9.60996984839695
1429522247.56	-0.4408164941073109	0.208345552220219	-9.744020662797052	9.721021313347928
1429522247.58	-0.4861025369991613	0.0922929754390931	-9.72302598624599	9.880281113881459
1429522247.6	-0.5240951322033952	0.40572133059458837	-9.678024400594072	9.823472379223476
1429522247.62	-0.45526272575164095	0.17556989516700583	-9.641933521567735	9.650405589757503
1429522247.64	-0.5318801744045746	0.15294250399497267	-9.844859285285768	9.554100518316888
1429522247.66	-0.5561394298556406	0.28703042755946195	-9.651724807249295	9.53236661313251
1429522247.68	-0.6996256469307237	0.14597148747282904	-9.8151803572094	9.690819095367091
1429522247.7	-0.6880789821704356	0.17221507107214007	-9.84174398068223	9.728372349062017
1429522247.72	-0.7271208346557646	0.25848380969401985	-9.7905509211452	9.795373209079141
1429522247.74	-0.5420310506793563	0.12729670606350246	-9.759377271690918	9.723374268469652
1429522247.76	-0.5590668760904683	0.24537820524964904	-9.603948661884875	9.7945504897851
1429522247.78	-0.6505040451149289	0.23905673266362823	-9.496465014236854	9.856647332455896
1429522247.8	-0.518406997654937	0.06267168920178841	-9.852578993841918	9.678823993694182
1429522247.82	-0.44658497180234913	0.3536946345058071	-9.752043211643638	9.827379219044307
1429522247.84	-0.3986746728689595	0.01101873632460243	-9.647975990644445	9.929012456400121
1429522247.86	-0.48379583959178196	0.10245441628911583	-9.729752806731188	9.760433562475903
1429522247.88	-0.4894839528570648	0.12257378265542077	-9.752487269021417	9.719488907429866
1429522247.9	-0.6709870624167925	0.030318986962829725	-9.652957671486107	9.690207458235244
1429522247.92	-0.4447649295651587	0.16283316988599378	-9.70364483379004	9.529936233489776
1429522247.94	-0.4255552108467303	0.0673023414754795	-9.532766174169478	9.78538852675875
1429522247.96	-0.6607349350161213	0.22225112878652606	-9.652970291984008	9.641249029999347
1429522247.98	-0.545706764812	0.0290692955280763	-9.785482429295607	9.710639072522197
1429522248.0	-0.5310568439783148	0.1782552768734316	-9.637829792933756	9.76396949196376
1429522248.02	-0.5432951800723479	0.04733044547662105	-9.659486083322976	9.850015565818136
1429522248.04	-0.6344166202595211	0.29434751433840034	-9.460335467710376	9.820114326109193
1429522248.06	-0.4292958034163155	0.22336888327308052	-9.586712526310626	9.597508043625517
1429522248.08	-0.5461516803832859	0.13942579334351204	-9.554885713991231	9.680771740906742
1429522248.1	-0.5230569168346946	0.19884364620020678	-9.618685811608378	9.756691220318997
1429522248.12	-0.5103304207241989	0.12494894540855617	-9.578389680423081	9.579057977416682
1429522248.14	-0.5982106450753546	0.16189172096314566	-9.587817511372526	9.743935838110849
1429522248.16	-0.5511086037291574	0.15240274140167004	-9.634153551153073	9.505157125663425
1429522248.18	-0.5534019235101337	-0.0700064321001789	-9.49024591895498	9.597356849712508
1429522248.2	-0.55533033640762	0.15297969084057128	-9.464309311484081	9.790541101922027
1429522248.22	-0.632190864730485	0.14814774240964573	-9.65567299480081	9.49098538111039
1429522248.24	-0.649424725706637	0.17406973406324022	-9.798727466651952	9.67350344802431
1429522248.26	-0.42520620278238463	0.28444920522847195	-9.380229998236643	9.592724559973403
1429522248.28	-0.5420177295109181	0.08258694900450922	-9.547634974444676	9.624152555610062
1429522248.3	-0.32803540588858715	0.13397979506277807	-9.742469557583954	9.664852943309906
1429522248.32	-0.5425407795225003	-0.06954624117558009	-9.696449650436614	9.623436690161865
1429522248.34	-0.5600257510882404	0.3867532661470879	-9.717528620205423	9.593698885941821
1429522248.36	-0.6289972788345637	0.33678753683047263	-9.61797179648289	9.723908871097281
1429522248.38	-0.603784604138642	0.07862449685581208	-9.632058272167155	9.403711512811398
1429522248.4	-0.5555022310644142	0.0191489634306575	-9.724745190031973	9.757986544917983
1429522248.42	-0.4677264197745556	0.07260456253224609	-9.853843196483375	9.888296573212275
1429522248.44	-0.6950464700298272	0.12401016213767374	-9.835823126220816	9.958240605743816
1429522248.46	-0.6798865357247031	0.006582246038263406	-9.62603414745179	9.620933600293403
1429522248.48	-0.5852784317083181	0.12933502276216258	-9.34050359085528	9.593933919872457
1429522248.5	-0.6080832965983464	0.009126423176781473	-9.490319517830255	9.437295674538257
1429522248.52	-0.6846853093183651	0.09474354774424545	-9.499408217560484	9.6841718624117
1429522248.54	-0.35527039762893287	0.10455084353084455	-9.616888872453622	9.646311064446127
1429522248.56	-0.4660054607295452	-0.1354612261688784	-9.76467602566869	9.618049726766827
1429522248.58	-0.4017377625884622	0.32192062986616304	-9.397037926126435	9.665637798525873
1429522248.6	-0.6156783932835652	0.15304931367948874	-9.584542689232332	9.779524880726223
1429522248.62	-0.5474450019421178	0.40789592197505564	-9.851964028894526	9.608293723547407
1429522248.64	-0.5677798339943302	0.047422077157707715	-9.528635692255383	9.410779828878795
1429522248.66	-0.6419833960873627	0.1408068111471073	-9.297692801696956	9.593618475213757
1429522248.68	-0.43603837699781933	0.3269222739868075	-9.537498573846706	9.752664513498072
1429522248.7	-0.5233788615790991	0.10027308210249505	-9.782690764676886	9.694481627375083
1429522248.72	-0.5848076884246375	-0.08865492054607144	-9.598104812726334	9.355862289645795
1429522248.74	-0.5747503270632075	0.1667572311209149	-9.305041889993078	9.346195781756691
1429522248.76	-0.6812257304962657	0.03522771985254043	-9.835306014057059	9.404972381587331
1429522248.78	-0.6078613431595737	0.21313772525414182	-9.753184693078989	9.723907897314907
1429522248.8	-0.8498658793410034	0.1781416412805538	-9.725050695253628	9.839469312660807
1429522248.82	-0.5949398527171297	-0.06980018978848301	-9.860240136899643	9.820713144227252
1429522248.84	-0.7769723664365842	0.03951529302618178	-9.668937074337267	9.797886285885717
1429522248.86	-0.6819080178553365	0.32098512470375706	-9.418349034703663	9.473119738291071
1429522248.88	-0.5807029848567153	0.2469142058827714	-9.633692547589067	9.64434570737055
1429522248.9	-0.6379284948772179	0.1353604109941019	-9.485405452143553	9.654725442314597
1429522248.92	-0.6512495009298278	0.1836365852300688	-9.687743797184664	9.669971305655341
1429522248.94	-0.5363599777177182	-0.02951141357608572	-9.69862363354212	9.64000122577765
1429522248.96	-0.5576414395506359	0.039502050283212506	-9.81262219646377	9.706658274277554
1429522248.98	-0.4679264312058849	0.06503974783070623	-9.56709298303044	9.660884348952637
1429522249.0	-0.4912024094191601	0.12047433872578785	-9.846551186240015	9.713061541718758
1429522249.02	-0.3907263721883707	0.09217232030731265	-9.662336842855886	9.687748748354656
1429522249.04	-0.5087805188542737	0.25464476554021	-9.790875962251334	9.82539076024901
1429522249.06	-0.5068307771463838	0.2222729219012157	-9.39958687492097	9.350174611138259
1429522249.08	-0.6122257991056638	0.09008101846224603	-9.819438698780003	9.788416112338883
1429522249.1	-0.5335616886579784	0.285367609919316	-9.860293010126847	9.513440411664737
1429522249.12	-0.5810774542256552	0.1082856902079784	-9.867351428057615	9.583743170306185
1429522249.14	-0.6684135440155279	-0.02654860475574758	-9.753959378679557	9.690079494888987
1429522249.16	-0.47494216837698305	0.21651018948010584	-9.55504946058045	9.651206199539834
1429522249.18	-0.5744365842518567	0.07830209703033597	-9.738196907244127	9.745607087684363
1429522249.2	-0.5855626771631446	0.22432723716706215	-9.552753712978665	9.628403661175636
1429522249.22	-0.7411969313994969	0.32906069059984405	-9.6517704172185	9.8361049431585
1429522249.24	-0.694382691339726	0.046836901854151736	-9.51030042775972	9.653726280880862
1429522249.26	-0.497677671217102	-0.2338070541109535	-9.695193422264179	9.782270630906977
1429522249.28	-0.4355805633600912	0.07313627280947575	-9.796407181674681	9.692144822432889
1429522249.3	-0.5816500445622124	0.20102217362264777	-9.616940116805118	9.768535849793485
1429522249.32	-0.5234386950760521	0.38813815749495895	-9.897221600569898	9.599427513725097
1429522249.34	-0.48394759579220853	0.2952764280474026	-9.58171159184586	9.723134788499697
1429522249.36	-0.7619534413094866	0.15312768059130186	-9.423877265571196	9.462123104634722
1429522249.38	-0.4814476063757622	0.24941258669248698	-9.603954853147643	9.629237368906578
1429522249.4	-0.2355702082988933	0.19276407688162497	-9.689939483376252	9.688542369597396
1429522249.42	-0.5337365952402034	0.1785336672178046	-9.83435375956204	9.718019946550863
1429522249.44	-0.5741993174200162	0.2414708532677594	-9.611595534917448	9.77194938746743
1429522249.46	-0.46951753591622486	0.3060146214866481	-9.681869717483432	9.852070365821614
1429522249.48	-0.4514052983794105	0.1917559715745813	-9.676977097288564	9.74734760668454
1429522249.5	-0.6027773859134081	0.014405975478980898	-9.746115351531916	9.742677529702082
1429522249.52	-0.5604093889399916	0.09658832852574789	-9.860711951854432	9.665020262881777
1429522249.54	-0.48259329033018006	0.05249475137760349	-9.598715016382851	9.78139599357003
1429522249.56	-0.4487855846001404	0.1032623046723264	-9.67124615536805	9.654438773150574
1429522249.58	-0.6037487227362373	0.02238241097108795	-9.488901656817427	9.613892605352193
1429522249.6	-0.6651517311423769	0.05397387006088104	-9.74499860729185	9.594295381017252
1429522249.62	-0.3525826788713805	0.21842398496521845	-9.535482281857773	9.653806155368459
1429522249.64	-0.5567649389012221	0.18069173092719745	-9.739242684717318	9.60773770109595
1429522249.66	-0.541076124208436	0.234047366759769	-9.753519057148448	9.51764517375275
1429522249.68	-0.5616309617979749	0.23408415369065483	-9.711172658903092	9.721732668030366
1429522249.7	-0.5216945788140953	-0.0501074214555413	-10.130699743450945	10.00967656640279
1429522249.72	-0.5835775863595593	-0.09972806527493036	-9.647579508606182	9.618266848421072
1429522249.74	-0.7097705752461513	0.25270316582918095	-9.599294130045097	9.628920240435965
1429522249.76	-0.5874797524525384	0.1629956160137441	-9.638497165180786	9.631453081942773
1429522249.78	-0.739708553298552	-0.07120496283230768	-9.687764396188227	9.955770676548488
1429522249.8	-0.5306059518078616	-0.08693040720074666	-9.735595493648399	9.778008748100993
1429522249.82	-0.5116363260832119	0.11791128390882856	-9.87135477348527	9.609349549741186
1429522249.84	-0.5879327514853493	-0.07742866442845577	-9.534377320907932	9.524490261782665
1429522249.86	-0.6937142363550312	0.01807799319577042	-9.654613432335495	9.634920329676861
1429522249.88	-0.5844543277777334	-0.016104217141198834	-9.782243166110806	9.532245921107707
1429522249.9	-0.6922321799452269	-0.10073397869920635	-9.816315783773645	9.897887951546908
1429522249.92	-0.6325710132546681	0.07771370875836349	-9.698525202166989	9.6679925386353
1429522249.94	-0.6510733498750594	0.004075930175497622	-9.888644222956199	9.842714650223476
1429522249.96	-0.6707220660041783	0.2529336099951122	-10.06264690478073	9.868146051368742
1429522249.98	-0.4762811586012558	0.1918164112547821	-9.64242957835195	9.933217240891189
1429522250.0	-0.4447947189447473	0.21493641283453738	-9.676313726909965	9.787621399406365
1429522250.02	-0.6730517581535563	0.11823431951347885	-9.589803111501807	9.471597477995484
1429522250.04	-0.4507310410218142	0.07486353333756016	-9.5225152848179	9.684244703957654
1429522250.06	-0.5558527090353985	0.16240011290024486	-9.616131854608858	9.719380217813342
1429522250.08	-0.5587531897910822	0.3231032877400013	-9.83156730724402	9.766908182768264
1429522250.1	-0.43797318510513455	0.02035074975227051	-9.878862968594012	9.838296178279995
1429522250.12	-0.5416326350647095	0.08924552730623994	-9.79135374200325	9.77598361660172
1429522250.14	-0.6215367010449557	0.15000374990116686	-9.564029149737653	9.550162157162267
1429522250.16	-0.4361345739944377	-0.15605888790087272	-9.876213689744405	9.561934460729429
1429522250.18	-0.36892606882484363	0.3597667527428132	-9.690486286018862	9.679520514931056
1429522250.2	-0.6464771262308135	0.12947635435028435	-9.849241586871342	9.791491221460879
1429522250.22	-0.4909119645553004	0.1689639772387093	-9.720220222353543	9.608619390830347
1429522250.24	-0.6539968359576641	0.23676258549378204	-9.668208892859846	9.784726268466043
1429522250.26	-0.6047405491831152	0.22009934452144816	-9.863520438118433	9.930017907520112
1429522250.28	-0.6869977427981062	-0.12703406033068299	-9.713260204267034	9.779213484505549
1429522250.3	-0.4825949426118608	0.15273239066568933	-9.626487404593524	9.784698091923996
1429522250.32	-0.5958769340270725	0.1375844181101475	-9.757406044369635	9.699105908460444
1429522250.34	-0.6278091340914449	0.13321528136967092	-9.711923974194038	9.875744436307636
1429522250.36	-0.5002373006992034	0.13788169689111046	-9.820026180083332	9.562308289573458
1429522250.38	-0.6015707941618647	0.27790273237902124	-9.800973144309962	9.697520769354101
1429522250.4	-0.5195820399861983	0.08460201646401223	-9.545887933788672	9.719957184056856
1429522250.42	-0.5540968327701348	0.07783560297371309	-9.833450923533656	9.682866023180273
1429522250.44	-0.49339862526877665	0.1207911750495505	-9.664697054797388	9.755087574241571
1429522250.46	-0.4924835709385069	0.27582885332289575	-9.631768687362488	9.773671939042808
1429522250.48	-0.4165151862846042	0.20954640942967057	-9.75682770657978	9.855330679578172
1429522250.5	-0.6690045370733775	0.20359973097942458	-9.793909179609136	9.574566722924224
1429522250.52	-0.6459570632441376	0.10120450111948609	-9.780056868373018	9.84827528122897
1429522250.54	-0.5853143224714732	0.1321305700528141	-9.836942079354973	9.684429278777838
1429522250.56	-0.5609871967159549	0.07134086174528402	-9.546781916068344	9.493422664597851
1429522250.58	-0.6331172037606683	0.24154931580788375	-9.72024015015446	9.724179753879882
1429522250.6	-0.7055330471316671	0.3165913223488711	-9.920575662831105	9.811382781669757
1429522250.62	-0.5178882935916889	0.05743971583297788	-9.711196922952873	9.639870307199843
1429522250.64	-0.6374413463256406	0.22886156870164437	-9.55722548873744	9.702032252934165
1429522250.66	-0.5998306701929158	0.2859953384993696	-9.571921862080364	9.872243026995847
1429522250.68	-0.598957682221513	0.3309270849095869	-9.741063315829791	9.890585598026009
1429522250.7	-0.3521333603697131	0.10332032866280422	-9.68241363819423	9.52842474645647
1429522250.72	-0.5320160332929527	0.2430331810111156	-9.448975524615001	9.744566471019214
1429522250.74	-0.5479977119881321	0.17886771492405729	-9.792123451053984	9.64966057247717
1429522250.76	-0.5752584507368561	0.07860515100929316	-9.698810594812798	9.64398546257854
1429522250.78	-0.499179508056693	0.13178172507369268	-9.629492042972684	9.605227346840067
1429522250.8	-0.5355790508799627	-0.08834430813861044	-9.483236416778652	9.746732768167996
1429522250.82	-0.6241872133236546	0.06323677885052484	-9.55987693203071	9.803854506510417
1429522250.84	-0.5485014509427542	-0.008015767706287716	-9.74748641831446	9.811098741495579
1429522250.86	-0.4285010765049251	-0.06106267366668705	-9.484975011212791	9.792534475788386
1429522250.88	-0.6575860436221296	0.13445433756665065	-9.747656882473382	9.701651648969772
1429522250.9	-0.6049087173890039	-0.017973468169268522	-9.77050412241359	9.758693442354094
1429522250.92	-0.7350290780171245	0.17476899758537162	-9.714536756107213	9.707365363253386
1429522250.94	-0.4747026215163524	0.13695084139860142	-9.622527575517127	9.662960052139038
1429522250.96	-0.625139988061225	0.13329038890538827	-9.729147546333188	9.684420844584508
1429522250.98	-0.5546187905441952	0.20936061152912278	-9.545742396335402	9.799780767453147
1429522251.0	-0.44209953860250795	0.32749848996837294	-9.783521822117708	9.691471877406455
1429522251.02	-0.3524559885131039	0.13931814468783119	-9.617359796985358	9.926933820994064
1429522251.04	-0.4904197429332912	-0.022335415763887506	-9.769968127822029	9.92699911992736
1429522251.06	-0.6127673749812564	-0.03993990331993266	-9.90908922332319	9.849818446422779
1429522251.08	-0.3742610776266992	0.23096233017590279	-9.923955399791279	9.596910050244512
1429522251.1	-0.3910193245239977	0.4621542567392359	-9.575877821204381	9.580136609048987
1429522251.12	-0.3017907626238993	0.6198016929408033	-9.874180840174317	9.782249672516532
1429522251.14	-0.35487961558693676	0.4316188306343597	-9.873398085879497	10.006733015031664
1429522251.16	-0.32869726770177365	0.27049262973278554	-9.653832981799736	9.854002419875634
1429522251.18	-0.5126581118714987	0.2823045152662517	-9.288781409327402	9.388675084534366
1429522251.2	-0.3354713087967839	0.21197286251814074	-9.866499363457669	10.056416665749506
1429522251.22	-0.32572217167524503	0.1757680823966488	-9.913181420964044	10.02040094896802
1429522251.24	-0.6684165403516906	0.3646489053419392	-9.855057432652186	9.595676170890556
1429522251.26	-0.5423735889700828	0.3652469060155998	-9.802455608598198	9.793313291334409
1429522251.28	-0.5473822978094611	0.23113240300050703	-9.354326122698794	9.777784291545416
1429522251.3	-0.31646837257982263	0.39663817757473296	-9.56056721625759	9.64070595136175
1429522251.32	-0.561897799784285	0.17904437019708244	-9.629558512622232	10.00165311480338
1429522251.34	-0.7106788782192747	0.13701926018856003	-9.894810270930146	9.659878094968963
1429522251.36	-0.4196227947147929	0.009278297696023119	-9.641211268053157	9.610048591939687
1429522251.38	-0.3114979251485891	0.12922450558522056	-9.705996376877101	9.647008435200634
1429522251.4	-0.25378486217127516	0.2001884912139979	-9.79632132280022	9.870140589332811
1429522251.42	-0.6034926329331518	0.14142467645502382	-9.626627238577704	9.626396700498422
1429522251.44	-0.5687914676195496	0.15967965896265293	-9.709656585022685	9.838092402633253
1429522251.46	-0.4181286434710779	0.3000165131792704	-9.586278494237725	9.660094501817154
1429522251.48	-0.40128113468869464	0.25750508257232124	-9.663465520373988	9.801037849519535
1429522251.5	-0.3763109520400249	0.03813838191626076	-9.821035059744336	9.742465630875483
1429522251.52	-0.33265617622026	0.2637353895676274	-9.651114074457727	9.606598996046454
1429522251.54	-0.6054237609999829	0.0036918513602283154	-9.824817471219013	9.644185465464577
1429522251.56	-0.40755568662749564	0.10649710619414177	-9.54010416305929	9.76117825712804
1429522251.58	-0.4880431775688574	0.15950514033491722	-9.580176471908667	9.350414691224396
1429522251.6	-0.5799510315571367	0.11390177627168675	-9.55324641560322	9.802917593337098
1429522251.62	-0.5850773230186966	0.12280319434299117	-9.58056162843858	9.577707362956133
1429522251.64	-0.4443372292187282	0.14771667684607767	-9.460067481747883	9.881581374832331
1429522251.66	-0.5280053343627635	0.04204835754741729	-9.683008009193662	9.985587877607031
1429522251.68	-0.5485491668451911	0.02865108780247108	-9.963986873214955	10.12423220484485
1429522251.7	-0.5029078009687926	0.3001445799242599	-9.712143622583115	9.753890985988487
1429522251.72	-0.557424049010396	0.24798821868731605	-9.802330705199868	9.783409742497216
1429522251.74	-0.5071663201344238	0.34856369491406947	-9.784704724510268	9.711188481600253
1429522251.76	-0.7174869456530646	0.2369667218631395	-9.729046956666995	9.68608294619587
1429522251.78	-0.5951208279952591	0.21630310451304452	-9.649215758890424	9.536951841274872
1429522251.8	-0.5208152384227379	0.1757162292497027	-9.71770811665713	9.777925191407641
1429522251.82	-0.5654183472952996	0.14752050747481973	-9.62057589201566	9.599850068865102
1429522251.84	-0.7987573017439005	0.4030339312565097	-10.030520252864612	10.105205691181816
1429522251.86	-0.506781714239663	0.23508396210906587	-10.03649484883273	10.020065086540662
1429522251.88	-0.5430522684844064	0.3576452589731913	-9.647115952491209	9.77666266605858
1429522251.9	-0.6136402383478339	0.183800121941674	-9.78574621794534	9.562383217519319
1429522251.92	-0.512597428989908	0.19879307577072014	-9.424111746279573	9.703155339946175
1429522251.94	-0.43991228603054844	0.14895844166606959	-9.428138056681096	9.718073435035377
1429522251.96	-0.496374397355038	0.2466622660090512	-9.58738021684178	9.713486077171595
1429522251.98	-0.5467716100637608	0.1479111097304227	-9.661285963203284	9.720144151579433
1429522252.0	-0.5587360790857558	0.20024017423408705	-9.723131928543882	9.721965457545332
1429522252.02	-0.641165127073443	0.1502213840217998	-9.71779610080045	9.898460505745671
1429522252.04	-0.484206042961668	0.3415630186218444	-9.782681092806046	9.681514422828107
1429522252.06	-0.5751868359700341	0.16008683137433022	-9.633107261345593	9.690080001841443
1429522252.08	-0.5413837790875721	0.1193934149837001	-9.643557000298857	9.562321662301416
1429522252.1	-0.4691892064948411	0.17933666786924649	-9.525872302764611	9.65383380373309
1429522252.12	-0.6671798118817953	0.14071038513856138	-9.624865490015303	9.86399020708339
1429522252.14	-0.5539167020025718	0.1649798337375055	-9.611821978584352	9.555404604493758
1429522252.16	-0.7091894206768647	0.16681021377675095	-9.577807352587175	9.781149585038952
1429522252.18	-0.4225481276952214	-0.06347976693736246	-9.775943426218717	9.84610243271005
1429522252.2	-0.6240185063701855	0.21773158091158162	-9.823088932448412	9.80433940352168
1429522252.22	-0.5142674601489803	0.027349347427232502	-9.778894150993613	9.806784808540657
1429522252.24	-0.6488291419781497	0.36626129173558214	-9.784258190785595	9.78285947832886
1429522252.26	-0.433526592313331	0.00014852230947624834	-9.717039242514351	9.855367699784221
1429522252.28	-0.46021524928811014	0.038913656893486526	-9.50328397111495	9.69960896918648
1429522252.3	-0.557394654414576	0.19362403361085495	-9.646193724972575	9.711987935731456
1429522252.32	-0.47681359646730914	0.09906541224821665	-9.81409503651661	9.75230115751485
1429522252.34	-0.47454939254757433	0.0445307490242457	-9.780917023980766	9.805930238260721
1429522252.36	-0.6251314502836558	0.23230764045742971	-9.72289092469669	9.849045017355872
1429522252.38	-0.6207164547270971	0.22685361748440724	-9.647017823015606	9.684792398749297
1429522252.4	-0.6195222729633076	0.15743452386582546	-9.571928640826354	9.65131879193911
1429522252.42	-0.7426951230241748	0.0728476926435221	-9.79997455143853	9.678619895306346
1429522252.44	-0.585544919179844	0.11935247257986271	-9.830366572576427	9.659836318384182
1429522252.46	-0.5397551931222746	0.2536735216232134	-9.70190347006548	9.821969154198133
1429522252.48	-0.7042059177380955	0.002989307811267744	-9.625459612845649	9.681545050683226
1429522252.5	-0.5877982140678256	0.10546908064525545	-9.94559466552643	9.638000998482354
1429522252.52	-0.5857991496278047	0.06820677115106254	-9.643611451656152	9.471410563619687
1429522252.54	-0.5719542693442737	-0.043906391295874786	-9.866428134666975	9.917578574672621
1429522252.56	-0.39668716222438427	0.1293317636183659	-9.699866594664114	9.796087911295112
1429522252.58	-0.6403360501156818	0.251391447695432	-9.6794016897001	9.59506678276468
1429522252.6	-0.5078173915828912	0.31487270822632185	-9.759903119170414	9.838005124798071
1429522252.62	-0.7136141202426811	-0.01013743607324498	-9.925732804547504	9.835164510227969
1429522252.64	-0.43224894486442544	0.3422791831613345	-9.585675544563756	9.82157671464864
1429522252.66	-0.40666767572130275	0.23063607527701885	-9.775604432979616	9.7107914687186
1429522252.68	-0.27089951238521637	0.15857224638003056	-9.617919786747208	9.766175130951412
1429522252.7	-0.47762880946011294	-0.06591814030978971	-9.666432130143185	9.664233853173412
1429522252.72	-0.5718251085423408	0.1330656525453104	-9.734922778211143	9.672427195053505
1429522252.74	-0.5798715083841386	0.3079265647405945	-9.669853763284753	9.802645513198742
1429522252.76	-0.6610498470979522	0.21387374081383453	-9.6681569819956	9.811947989252484
1429522252.78	-0.587957569574926	0.05826849153631405	-9.543644985304663	9.700838218138841
1429522252.8	-0.668854205482374	-0.02833912889075592	-9.881758065610722	9.774925396807811
1429522252.82	-0.6898687274912016	0.08430113225050691	-9.617623587845305	9.722062812999251
1429522252.84	-0.4354078656559665	-0.004573489072604367	-9.828627579349934	9.743209618321387
1429522252.86	-0.5549658763818427	0.2799162262271529	-9.518058427673719	9.584349613749959
1429522252.88	-0.6775645511166912	0.26238515444739596	-9.613090630943738	9.672847201345986
1429522252.9	-0.4860548142368202	0.0811113271209831	-9.727491099679595	9.505908386394063
1429522252.92	-0.527024515519495	0.17603238126618237	-9.474604299561722	9.664921445932261
1429522252.94	-0.5876905781022904	0.11814776896878615	-9.570854752186152	9.738491393879647
1429522252.96	-0.6274796306708087	0.17089555603598472	-9.496968458814893	9.698018698160753
1429522252.98	-0.48236210465434826	0.30120645270567264	-9.743743090593972	9.615474225715754
1429522253.0	-0.4545290120537717	0.252980817001724	-9.483139559194951	9.418931670403436
1429522253.02	-0.44353988931137966	0.010119898527298332	-9.641138925514573	9.58164036116934
1429522253.04	-0.5736008669164608	0.15699051710355044	-9.676449929239633	9.580025840760266
1429522253.06	-0.5082649675464481	0.13333831156445694	-9.736270175906432	9.751176396453031
1429522253.08	-0.7801064584832865	0.062345831892305414	-9.684116430087533	9.856515693242907
1429522253.1	-0.39550868612217716	0.09205043887226945	-9.70251253265345	9.544833210543334
1429522253.12	-0.6986277073953373	0.09394595134774246	-9.579153310851398	9.645509225817037
1429522253.14	-0.2611422074030802	0.3358218792242931	-9.793023372090722	9.71760360767863
1429522253.16	-0.5220841259464595	0.13161407743237924	-9.844560189162129	9.760634590624452
1429522253.18	-0.5990864241658025	-0.10723465845735301	-9.711665972100512	9.410495809917105
1429522253.2	-0.5782787042605269	0.058979846956075596	-9.622193407265852	9.550784218667891
1429522253.22	-0.6504040611760643	0.16787335972446288	-9.647021892764135	9.682534908679312
1429522253.24	-0.4899330658128351	0.17460027483329205	-9.977904236204333	10.070016464913815
1429522253.26	-0.5348562891973476	-0.07450949831431224	-9.799696084236249	9.824348093520754
1429522253.28	-0.7088870408923089	0.23075183716986358	-9.523915435958026	9.508640678655112
1429522253.3	-0.6108580945869534	0.2418924314113411	-9.446367632787132	9.716822348485062
1429522253.32	-0.5009953947686895	0.20512167326457525	-9.793367805739225	9.68680478809643
1429522253.34	-0.6044080474655358	0.18046420293922366	-9.724534863854927	9.641952699437562
1429522253.36	-0.7912754650487431	0.053990925181646734	-9.612313567854963	9.632859706706062
1429522253.38	-0.4799740315406607	0.27590584465245355	-9.498564266440468	9.474475401617372
1429522253.4	-0.6467659077885092	0.07009776627254075	-9.730630824867493	9.688694030677519
1429522253.42	-0.442508612330064	0.05379833512520152	-9.531822124271251	9.608732787121165
1429522253.44	-0.6278228143489034	0.28518939683071415	-9.630874501734647	9.753359114058789
1429522253.46	-0.7171481008710756	0.11828388738903131	-9.721734220049568	9.77811851810087
1429522253.48	-0.4184546799626794	0.13418141710790518	-9.603564847675774	9.6593904944565
1429522253.5	-0.6773390609179214	0.22986825084109752	-9.814994068593515	9.550901055993505
1429522253.52	-0.7267425507865404	0.36836248857259746	-9.64139708007317	9.781142128619397
1429522253.54	-0.5995770040357987	0.108400557415738	-9.722398655907744	9.539957377956716
1429522253.56	-0.5918614801587377	0.17829677798837795	-9.907671383417652	9.700247946972558
1429522253.58	-0.4068038382422412	0.25373858797259957	-9.702524807151867	9.652456496109012
1429522253.6	-0.5556739653098889	0.21752094832915222	-9.803686734904527	9.625685495398995
1429522253.62	-0.5856914752296436	0.19015831233013503	-9.53917157039017	9.697750628492356
1429522253.64	-0.5118256283318083	-0.0024913569784772993	-9.480401312525121	9.681955091985754
1429522253.66	-0.5184854478336679	0.10949577234089539	-9.706850828305923	9.448350328174836
1429522253.68	-0.5555441670355903	0.3184926642508129	-9.71436585352537	9.79028297004445
1429522253.7	-0.5440662565755978	0.07777193913187089	-9.77226208818429	9.601300889996686
1429522253.72	-0.6318963569476833	0.24491495596079582	-9.723609661602882	9.700677349464087
1429522253.74	-0.7175311149146747	0.1881369940537044	-9.54004176264904	9.573144445634494
1429522253.76	-0.5629198614168952	0.19517056601324248	-9.797290457247477	9.71577596551104
1429522253.78	-0.5497145899611434	-0.07686422269310869	-9.75753694214734	9.882272655414702
1429522253.8	-0.6039942221710751	0.13474949513274959	-9.6612775972383	9.665110110702782
1429522253.82	-0.4581202467646796	0.011976215413932262	-9.640575492627123	9.503937628918102
1429522253.84	-0.7966843919153069	-0.0250922646218565	-9.528975640819205	9.644176983853098
1429522253.86	-0.7372134439023779	0.007231079721420661	-9.473038903816619	9.77410514917272
1429522253.88	-0.8385186656978286	0.2880656568586378	-9.724134386574173	9.630823566533092
1429522253.9	-0.5471738297431015	0.2544148364588279	-9.716421802470244	9.876179712802136
1429522253.92	-0.5544894461132596	0.162118982708339	-9.78920180962122	9.706699677511084
1429522253.94	-0.5602920707822249	0.08148594188076738	-9.479469784083841	9.368152716818653
1429522253.96	-0.46068284659220604	0.02216362975642478	-9.700772686840669	9.552004180088737
1429522253.98	-0.5783921735900549	0.18585809707828904	-9.797656771381137	9.733917100328748
1429522254.0	-0.6067206921432403	0.19680356195170934	-9.610579658405294	9.703047329177743
1429522254.02	-0.5962067110618378	0.24869681026485635	-9.499489772632414	9.730410695228517
1429522254.04	-0.37823902132290443	0.1565056564385827	-9.60298997964236	9.760751569316874
1429522254.06	-0.903733809600733	0.087757231432972	-9.530350905804497	9.418365510956436
1429522254.08	-0.37500002716670017	0.22227657469768414	-9.686116225225074	9.818861593351228
1429522254.1	-0.41264059588041124	0.29020008054908086	-9.69503152567848	9.84295797147966
1429522254.12	-0.48765782637806526	0.26905741942063016	-9.727321035561141	9.645566539069675
1429522254.14	-0.5304489921434689	0.4070513510106628	-9.617721709152319	9.65409562678322
1429522254.16	-0.601013781581137	0.22872311765729436	-9.684649473624537	9.634420048610124
1429522254.18	-0.5683945434264988	0.1636831611707692	-9.677584944161083	9.735426643884113
1429522254.2	-0.4588319475899152	0.14702388493742477	-9.626434813153125	9.747344425607883
1429522254.22	-0.6525015410136747	0.19564731770083457	-9.66742962879584	9.680866276064624
1429522254.24	-0.6238472346232558	0.13073419909906991	-9.635285704182907	9.619861460548364
1429522254.26	-0.6434414366824754	0.21806543347669158	-9.491581952111037	9.59346993640916
1429522254.28	-0.44681696100058993	0.1568233945199607	-9.957428127545999	9.8386804815029
1429522254.3	-0.4928659737664415	-0.03998565326822115	-9.579694482233819	9.860807150873558
1429522254.32	-0.6937752124126026	0.15154392399841463	-9.680554659388227	9.59356009500529
1429522254.34	-0.5072832151355813	-0.015666894047995872	-9.665109753611782	9.595300555522646
1429522254.36	-0.5806424380170654	0.02102123906022145	-9.846080690477617	9.781527804597546
1429522254.38	-0.5807849523812076	0.010499166541286298	-9.648176189076471	9.808753611509093
1429522254.4	-0.5955357526643426	0.2423797919364279	-9.671897456710642	9.482269398048624
1429522254.42	-0.5062580651230203	0.21919356150654357	-9.641428794989555	9.77191660234082
1429522254.44	-0.47435590256712046	0.21432587164318803	-9.884379969621454	9.753656743955583
1429522254.46	-0.6521902373007984	0.17656785592638116	-9.409564843038009	9.685962027201965
1429522254.48	-0.461823631356971	0.058381316059623434	-9.618799712783224	9.592876976326092
1429522254.5	-0.3743651231414161	0.09459471692170515	-9.533137919895388	9.621786511884988
1429522254.52	-0.815465309746022	0.2775524149692029	-9.632473410545511	9.89442305370188
1429522254.54	-0.6111387677010185	0.3034579724972414	-9.723025867075544	9.599822556608505
1429522254.56	-0.5602757907038793	0.1183513712670546	-9.746066553707815	9.951630186850336
1429522254.58	-0.6115271047760465	0.2975280832669114	-9.61333059412747	9.733344120603139
1429522254.6	-0.4429891904991648	0.11394112839234462	-9.753413857805409	9.680484304119556
1429522254.62	-0.5683616701497279	0.1809353473796216	-9.623965648919866	9.831061713277501
1429522254.64	-0.42208989595510826	0.26081215760440946	-9.526836320045678	9.594106505508147
1429522254.66	-0.4826311404189951	0.051208016593501965	-9.616258166380687	9.759595773218829
1429522254.68	-0.6694769132605529	0.06853771417777314	-9.71681168201413	9.707211452540456
1429522254.7	-0.540927981755692	0.1647226417823513	-9.724588719053438	9.60091456101199
1429522254.72	-0.42888179451670616	0.15433040799014358	-9.669253013852614	9.573028555647262
1429522254.74	-0.23313352385076697	0.2870705436259271	-9.612238884113017	9.644504778434472
1429522254.76	-0.6050118252679132	0.11843360330646871	-9.700010680595446	9.686558285302109
1429522254.78	-0.654291570956925	0.1513521473105397	-9.81051354069884	9.755901391549333
1429522254.8	-0.676404656973066	0.07726925839152995	-9.567561445215002	9.973180515925472
1429522254.82	-0.7969011870835695	0.28330937594190936	-9.57403053125701	9.823818672833806
1429522254.84	-0.6959481891936945	0.17434179572947722	-10.230564862215713	10.051044128201605
1429522254.86	-0.5162272383849522	0.20970114014808744	-9.900189788140857	9.832725544440061
1429522254.88	-0.692976122083413	0.3591518063514971	-9.66290548426943	9.88700116333254
1429522254.9	-0.46232307189902394	0.2743868122318782	-9.561064281454717	9.925785093884446
1429522254.92	-0.5826780273164526	0.16268677832562348	-9.630478432481523	9.655360109508416
1429522254.94	-0.6972379842185397	0.032852735560966295	-9.609896619975379	9.76522935381003
1429522254.96	-0.6113351885527297	0.002422338104630606	-9.621811737333266	9.66206215336665
1429522254.98	-0.5824454279430454	0.16223898767000725	-9.637169679012942	9.535532576437616
1429522255.0	-0.5179003217623909	0.16853147164576535	-9.741538592041117	9.77673349742844
1429522255.02	-0.5318594623124241	0.3270623953953192	-9.75003914511732	9.720294620948463
1429522255.04	-0.7529533823734719	0.13198020612042907	-9.501498410231964	9.541704493830435
1429522255.06	-0.42143938846682016	0.19566897611262654	-9.549433871675895	9.824971067355047
1429522255.08	-0.7356236855824879	0.12555646106606483	-9.67687972655222	9.600710198911736
1429522255.1	-0.5542749185208876	0.06052165246921096	-9.732014649561908	9.662864386403614
1429522255.12	-0.5259569402301736	-0.021179526954427985	-9.781638934556092	9.667057354056084
1429522255.14	-0.522109049729159	0.0264952192000166	-9.634074806737148	9.822115582923253
1429522255.16	-0.5230774342278975	0.1097080650200199	-9.584011909377935	9.543659609561157
1429522255.18	-0.5681172100228535	0.045395417810487865	-9.625958888975003	9.622576029221197
1429522255.2	-0.3297046249195904	0.069585648914094	-9.534398528669783	9.754462979627867
1429522255.22	-0.5529187260344897	0.13058320094312026	-9.605869827475036	9.718295032331639
1429522255.24	-0.4788774781269958	0.052035854912584195	-9.69554471787596	9.706860702542025
1429522255.26	-0.5631461941813642	-0.00037636934607446215	-9.779905920665735	9.656253231746454
1429522255.28	-0.5791635941558602	0.052908454846432196	-9.766781729490093	9.58588453815599
1429522255.3	-0.6417595165729185	0.2159661024138496	-9.556658221697672	9.674481389634618
1429522255.32	-0.5054392494054621	-0.020268184032561865	-9.741966021641156	9.721812003736183
1429522255.34	-0.6536835454794399	0.03782960692382995	-9.58310373698055	9.834544210800065
1429522255.36	-0.3707453635913085	0.24978887905281683	-9.675518555901382	9.670001545114006
1429522255.38	-0.6904415952129401	0.23414324858293895	-9.683646329722093	9.535833177351078
1429522255.4	-0.467422199104511	0.2582325399456403	-9.692208662847797	9.71290591293268
1429522255.42	-0.6192342677333925	0.14441867392223992	-9.671790193662627	9.713668209087087
1429522255.44	-0.5712882561265704	0.24249503823650576	-9.728414846379263	9.926086516326409
1429522255.46	-0.3141052082987347	0.30251632399738354	-9.89963267781465	9.673634898423842
1429522255.48	-0.4572861999133017	0.46098522696675287	-9.645255273276584	9.67332628394487
1429522255.5	-0.5755815887756421	0.1837570581165899	-9.560983594219364	9.611516071194757
1429522255.52	-0.49989953521457137	0.16815174205995229	-9.70525538569875	9.735509287417774
1429522255.54	-0.5315045649922316	0.1550556006698362	-9.675098028763877	9.543771376802184
1429522255.56	-0.49575634718966466	0.23541864353501962	-9.56772121100629	9.859713806416485
1429522255.58	-0.5799048994121684	0.0460652626934602	-10.013509863942687	9.700082096948249
1429522255.6	-0.4830776317412519	0.22206728572292692	-9.888868842661461	9.8592638482684
1429522255.62	-0.6505846303856324	0.23177454664979918	-9.60247437004006	9.945158337260299
1429522255.64	-0.3717184496719057	0.16908660689253896	-9.692220003551617	9.836002210756147
1429522255.66	-0.6743436591998186	0.18056039837561966	-9.658094200950186	9.655032485496168
1429522255.68	-0.45295509681487595	0.15073254930124272	-9.746233062228976	9.680733119415128
1429522255.7	-0.6151779340388621	0.13174199477862203	-9.720778271255373	10.013307270901453
1429522255.72	-0.6262564873628583	0.19138558051814875	-9.730448713111388	9.723669903076903
1429522255.74	-0.6075238098511508	0.16852801081518556	-9.602184406641255	9.612843448752962
1429522255.76	-0.7021172658048386	0.04011924461213642	-9.753807542279842	9.625557833706791
1429522255.78	-0.578767139232237	0.08680631987798386	-9.721922729210956	9.674711169934808
1429522255.8	-0.6955993627178804	0.13638693890554687	-9.869752417454421	9.840008180517366
1429522255.82	-0.661524249673134	0.11754005421164879	-9.637461242192147	9.978856476181251
1429522255.84	-0.5938902465639273	0.15651386453670635	-9.734584185089519	9.700409504817035
1429522255.86	-0.5306299110880064	0.1798624201138122	-9.595897769722	9.78608680797894
1429522255.88	-0.5464047791734704	0.2136683478759146	-9.641069227286303	9.83645043224316
1429522255.9	-0.8552806517960214	0.19363888891518122	-9.682997686932831	9.624540787407343
1429522255.92	-0.4456337814290934	-0.026663219435973107	-9.857085959139248	9.721713807965466
1429522255.94	-0.5021790657911032	0.21233330357489624	-9.703375733388723	9.613079707228156
1429522255.96	-0.7175714514971971	0.2960041161606816	-9.73619217006396	9.565873004681476
1429522255.98	-0.6082044778406052	0.2797489426005164	-9.711292926488992	9.674175136021228
1429522256.0	-0.8985381253312368	-0.03185022199238026	-9.706032562850885	9.827799050189729
1429522256.02	-0.5882996860670857	0.14786229934420397	-10.062171369964863	10.059895887999607
1429522256.04	-0.65674210849081	0.08563426717265209	-9.580528491917798	9.531079223838443
1429522256.06	-0.5550860424200984	-0.011340230734829676	-9.593279887125805	9.593938809219148
1429522256.08	-0.48146067363248274	0.07305080364251593	-9.508999708796395	9.535523487386527
1429522256.1	-0.5036993249763542	0.20714871910574856	-9.8423927353481	9.78673864636245
1429522256.12	-0.43097477085582203	0.22413709981986635	-9.795977475026636	9.688664986963996
1429522256.14	-0.39494426694618145	0.08564818532858313	-9.86813713701874	9.787224596758147
1429522256.16	0.18947499759489184	-0.21697875292474156	-10.183774801413435	10.19599190278697
1429522256.18	-0.7437970852134181	-0.4351433189106457	-9.221755995922246	8.995867580013828
1429522256.2	-0.94939086672408	-0.664116351963077	-8.878364867000402	9.050566861749338
1429522256.22	-0.7978184946570085	-0.10550453966363108	-9.761884879715124	9.700221101977862
1429522256.24	-0.9146824776697512	0.15911463379517407	-9.991523232720045	9.789449777902758
1429522256.26	-0.9216299390105827	-0.14238065384260878	-9.799607480537516	9.946210730174393
1429522256.28	-0.7670907145868521	-0.05017596836908107	-9.579351816206284	9.627216989965076
1429522256.3	-0.5191278806271182	0.11844084165127328	-9.409904005650759	9.518360432945398
1429522256.32	-0.6542102067984027	0.1586998236524301	-9.598646775907973	9.809056926033465
1429522256.34	-0.7744406172983724	0.11228746442675354	-9.551253395387642	9.637452020512017
1429522256.36	-0.3690507266742762	0.056120774464922085	-9.57841732564688	9.627184239654886
1429522256.38	-0.6358402839652204	0.15999507351453587	-9.630477989453125	9.591652502315087
1429522256.4	-0.5897522840671149	0.0631338820969248	-9.593603049443717	9.552790902042927
1429522256.42	-0.5413157515945007	0.14214646412877144	-9.72069230077126	9.62741263270423
1429522256.44	-0.4106178114836937	0.12577345275709106	-9.43816247171813	9.688374829602068
1429522256.46	-0.4441351690366919	0.3025352154053058	-9.616812751124842	9.692767472441302
1429522256.48	-0.5429222497848198	0.11732967207516741	-9.603062192460952	9.693477714443596
1429522256.5	-0.6219531744973268	0.047044084714994244	-9.877040493693269	10.007353542340388
1429522256.52	-0.6380240227650921	0.19013074122478063	-9.839593509675606	9.594118557176257
1429522256.54	-0.591768870729763	0.0334077400120612	-9.87875348375994	9.813176687772495
1429522256.56	-0.7907005981291292	0.09073760970322087	-9.772700455782202	9.702772154197813
1429522256.58	-0.6368743698576517	0.03652059807143895	-9.733114728988332	9.849813905603288
1429522256.6	-0.7625028786516291	0.14307593114353423	-9.791217553782928	9.67539888892837
1429522256.62	-0.7193187965283525	0.2147141127547291	-9.749979514734592	9.845335845537345
1429522256.64	-0.7448274512358407	0.2028679840172996	-9.907879102620356	9.789048851474558
1429522256.66	-0.4820544480056915	0.14911279752761145	-9.828472908543624	9.620164060989977
1429522256.68	-0.6720318661750803	0.15960809191546357	-9.800764931252072	10.02352321607463
1429522256.7	-0.2665241121463746	0.25356644508411075	-10.416839866053799	10.255671630694557
1429522256.72	-0.49001686330102734	0.180675721164124	-9.91586589958061	9.904632296447165
1429522256.74	-0.48249110563340786	0.2602194061544412	-9.833138858405714	9.651590575520045
1429522256.76	-0.40472967688603634	0.09274191125088332	-9.795992634366819	9.572469508279989
1429522256.78	-0.32162575721846176	0.2350860023006772	-9.750149403773571	9.725945223237291
1429522256.8	-0.5831606210484204	0.15478528930961674	-9.750204716322905	9.53453460579995
1429522256.82	-0.6340947518821044	0.15736723772462016	-9.635020330408059	9.609516071152727
1429522256.84	-0.4943981915301538	0.2708017468678749	-9.468154293510908	9.308797567575288
1429522256.86	-0.580316137330768	0.39548266115514485	-9.756126706039357	9.593544825628173
1429522256.88	-0.662786941751526	0.22030430049628352	-9.58186598839237	9.753911487081714
1429522256.9	-0.5366833360839279	0.006419535122344305	-9.188405071345194	9.339276380328903
1429522256.92	-0.6409781428803011	0.3325209583513331	-9.770214657412282	9.66388730701934
1429522256.94	-0.5738393791013974	0.07706193727925849	-9.54212148987842	9.57086431483822
1429522256.96	-0.6456863845415792	0.17886576040191202	-9.912277592090074	9.735023444706687
1429522256.98	-0.5302759749061677	0.060562794921402416	-9.635226681745106	9.791957186687121
1429522257.0	-0.6718326026698989	0.08819867786018722	-9.71923110720945	9.694843776294194
1429522257.02	-0.48127754500523706	0.21149543573774232	-9.763371220436241	9.749476472911553
1429522257.04	-0.43028236577261125	-0.04705680187082864	-9.754026118029936	9.609913987514933
1429522257.06	-0.5291706794500819	0.2155773112603692	-9.629867044764989	9.55045600035616
1429522257.08	-0.6984256450341226	0.1812233606068371	-9.735925199522452	9.690167992758088
1429522257.1	-0.5194557413745534	0.1789590219868571	-9.60391330357029	9.701501313171086
1429522257.12	-0.6400000370542154	0.1893734439447564	-9.360323854334947	9.696189795750026
1429522257.14	-0.4402831950944097	0.1419188992980523	-9.739307532633566	9.725237276561563
1429522257.16	-0.501963875073499	0.11849642941565236	-9.75231282121958	9.711037720659636
1429522257.18	-0.6843174606534015	-0.01565171443200547	-9.804703168997843	9.806036879902527
1429522257.2	-0.7488696687122594	0.1649533017015985	-9.709373768631572	9.863265127304278
1429522257.22	-0.5720905038756849	0.12238918194626847	-9.578415131743009	9.768387627174324
1429522257.24	-0.7003985237243631	0.07663558990605365	-9.492881567974804	9.731352135415817
1429522257.26	-0.5098936054280774	0.2741947077256595	-9.638550553197263	9.651602395334406
1429522257.28	-0.6217382666822662	0.2362302429114205	-9.638272995907379	9.841756167270322
1429522257.3	-0.5035437876606287	0.1367777124132411	-9.852520639607295	10.039556670913257
1429522257.32	-0.4986582924701004	0.07559419213364868	-9.723812383850696	9.512528194265258
1429522257.34	-0.4880411929309836	0.22884829586707323	-9.708387084374525	9.872178596378733
1429522257.36	-0.527171076091786	0.1518068097280579	-9.777974750971628	9.588954891316211
1429522257.38	-0.5877910270908349	0.23642328841505936	-9.728959784509959	9.73476364875684
1429522257.4	-0.641274415393678	0.07621706810867093	-9.889473284191721	9.86197988094581
1429522257.42	-0.5990683129538765	0.18027845194581454	-9.915957604082935	9.59412181961114
1429522257.44	-0.5662678398092275	0.1819965660807668	-9.772698294800637	9.83519500582611
1429522257.46	-0.539514115233278	0.1548179919353701	-9.695496947820153	9.725241145844945
1429522257.48	-0.6174323042494534	0.1704700652383016	-9.620263070577964	9.651334017749573
1429522257.5	-0.41875135227366667	0.1084282082578705	-9.552068628992803	9.5596250040285
1429522257.52	-0.6953642931721334	0.16671927716564955	-9.598927834018214	9.789976556891052
1429522257.54	-0.6890621144991191	0.03826047365731214	-9.632610572972638	9.521780129537625
1429522257.56	-0.4007710827769577	0.21390381265388628	-9.627349241666977	9.64342443327883
1429522257.58	-0.5742160296763421	0.2696434431135222	-9.80822451937594	9.800967808826698
1429522257.6	-0.4745589702580545	0.32657991808889403	-9.67077551952126	9.656884250014093
1429522257.62	-0.5535824579578796	0.13196068002913813	-9.669730755814538	9.677959602375605
1429522257.64	-0.5119544058683562	-0.03364891537920352	-9.658986634745602	9.753980354523808
1429522257.66	-0.4329599011092411	0.09734754675114884	-9.780475707711094	9.670613156256811
1429522257.68	-0.7374581684200026	0.1169621985245283	-9.484380515924604	9.720277993769747
1429522257.7	-0.4579443214399489	0.11098013840851761	-9.436403508098932	9.782044908082545
1429522257.72	-0.5500210985543172	-0.018978393924096865	-9.676098585818343	9.667089453537198
1429522257.74	-0.4635590948282924	0.28142812711973764	-9.733904354888208	9.813735945986783
1429522257.76	-0.6002238756076171	0.063346983832943	-9.993843909482388	9.851594094118859
1429522257.78	-0.5500323579777837	0.18092267561006906	-9.809457156622477	9.900691463981829
1429522257.8	-0.4415956661669235	0.07938006965465244	-9.614009126447963	9.683283112081083
1429522257.82	-0.4349864245766709	0.16762730490845304	-9.599212897530995	9.784377509492295
1429522257.84	-0.3779272769652664	0.14975250153712583	-9.6142896125828	9.618453673536164
1429522257.86	-0.5092443662479088	0.3192829744265362	-9.62476989110353	9.629195657276568
1429522257.88	-0.607694477852373	-0.07528746168031436	-9.417033120301092	9.635584564207768
1429522257.9	-0.7304388211675341	0.0589169582631748	-9.669575287546396	9.685728096069484
1429522257.92	-0.5903540943672083	0.004169966064716618	-9.766275560303168	9.73138036236717
1429522257.94	-0.5728112118742534	0.13982373063351905	-9.64806735027454	9.577399001847308
1429522257.96	-0.7098358632972632	0.05799966798540615	-9.580069292329592	9.750238518078074
1429522257.98	-0.53296729473658	0.09974648073792486	-9.64284170098083	9.618125408227893
1429522258.0	-0.5895761481881847	0.19156372591264959	-9.719403011746477	9.970551929752355
1429522258.02	-0.4887746819440667	0.11108898982510956	-9.64781513432189	9.699351522815007
1429522258.04	-0.5447483038440133	0.09551323408842115	-9.638928486658395	9.60324538449669
1429522258.06	-0.5531430009273646	0.2789494282221571	-9.615883845268309	9.66862900857369
1429522258.08	-0.462050374189095	0.09677498949462829	-9.593859306226587	9.734651882065927
1429522258.1	-0.7039850632466302	0.19635596411824827	-9.82514590281712	9.6797065403476
1429522258.12	-0.5587717029155291	0.14015330176011	-9.734868369369503	9.4866876579908
1429522258.14	-0.6614316474227279	0.029063262989258973	-9.603469938837566	9.746375248338559
1429522258.16	-0.5263771538375699	0.21775684098023596	-9.460966857091453	9.807925062362731
1429522258.18	-0.525178911413477	0.19068037324446757	-9.820267162281015	9.830287028625369
1429522258.2	-0.33131360422382616	0.13783176920650692	-9.931459306427834	9.58771145743395
1429522258.22	-0.5145377106538417	0.07405331633833839	-9.677525794961163	9.651158123434868
1429522258.24	-0.30909011177250917	0.05290893138896502	-9.735872485425908	9.651197138046712
1429522258.26	-0.6322544561110225	0.19592954352769287	-9.635731539077003	9.614645552897958
1429522258.28	-0.43620189952739635	0.18549160415991106	-9.660640804314205	9.712358893856324
1429522258.3	-0.46895266478701503	0.08911955636515392	-9.596935163796669	9.466869751088218
1429522258.32	-0.568118802848049	0.1329685239661931	-9.858297026247632	9.854221160558042
1429522258.34	-0.4233679453566003	0.24086319333195846	-9.52533222938662	9.683924607120645
1429522258.36	-0.67072089720253	-0.004560629980948333	-9.877302880248322	9.914625165008582
1429522258.38	-0.45820910590389213	0.16782549341600836	-9.854059638011893	9.611582610624849
1429522258.4	-0.5510561198797402	0.2810118236782653	-9.852213140018584	9.696009467644222
1429522258.42	-0.5217230453332474	0.14937844067732803	-9.678316954420719	9.523781990325983
1429522258.44	-0.5851540816488013	0.19105359175914555	-9.700841979695692	9.66147811189146
1429522258.46	-0.5385755878550625	0.09552727189595518	-9.60731405625659	9.790910882643546
1429522258.48	-0.5890365141914675	0.09898416471144897	-9.440026936657226	9.532782310195225
1429522258.5	-0.4016389888873657	0.07964732811802833	-9.56715846227334	9.587224547354836
1429522258.52	-0.5392654436720885	0.0849879344213028	-9.837959811036916	9.768890538709245
1429522258.54	-0.5451827298000023	0.12187107333329916	-9.700659145915433	9.674162334362256
1429522258.56	-0.6738218499882187	0.37578237289292654	-9.517980872935087	9.637823350862508
1429522258.58	-0.4357020341887513	0.08489638852270048	-9.730547091323379	9.617751466202588
1429522258.6	-0.5900173286474821	0.04690585160044333	-9.674220069721994	9.786301139754382
1429522258.62	-0.6548136667213391	0.23970103508341511	-9.627253269616274	9.710036040907129
1429522258.64	-0.7439860761149717	0.09750137998193129	-9.784303096095417	9.773693324507382
1429522258.66	-0.587473863869377	0.17521842414573824	-9.883361388889542	9.72353558021265
1429522258.68	-0.5979618071485484	0.09127100704388766	-9.574038679709549	9.796354605051471
1429522258.7	-0.31883211615985285	0.36473144836941407	-9.611732748342616	9.640541927945687
1429522258.72	-0.5616829892255479	0.3478333806421898	-9.73728312554697	9.744004129005738
1429522258.74	-0.46574893896573716	0.11074505583224123	-9.505167892531734	9.566233109939729
1429522258.76	-0.4181814839268432	0.0941475552486078	-9.726597160753274	9.579162745805519
1429522258.78	-0.4854063151408844	0.13882405947197818	-9.862657185453429	9.899323270148857
1429522258.8	-0.6785105145161049	0.132132142835881	-9.86140232912939	9.507008184638181
1429522258.82	-0.7498256058800191	0.18114759669640632	-9.6666493740057	9.621010374559566
1429522258.84	-0.5154265833923873	0.0099396876926158	-9.741514812032655	9.891198419820215
1429522258.86	-0.4678422019540974	0.256623606521563	-9.67352386483878	9.830986654840023
1429522258.88	-0.4251643621435693	0.09972316596096038	-9.58922988754269	9.806349196606522
1429522258.9	-0.4335311342552139	0.15520842768767912	-9.714729594599628	9.594490361940426
1429522258.92	-0.45273423904781057	0.19061258840987533	-9.54842216405673	9.845036000021862
1429522258.94	-0.35493774208726314	0.28749272334836884	-9.494663135324567	9.429308153811265
1429522258.96	-0.4747590575785509	0.025374707292413368	-9.320703274292958	9.541875652684528
1429522258.98	-0.46875797768644306	0.05759324237296612	-9.622946694151167	9.823625115227918
1429522259.0	-0.6683058284066965	0.021479697916529733	-9.973041623057352	9.870593453700014
1429522259.02	-0.42244034070430947	0.2955294264037514	-9.8943520777893	9.923298774705858
1429522259.04	-0.4980122487802715	0.13263455153716172	-9.530029975337515	9.630739424333994
1429522259.06	-0.5572494171763797	0.023002234304949222	-9.530739794980114	9.820037394927105
1429522259.08	-0.7129531245663102	-0.01905965339555793	-9.558519522133228	9.730293849696624
1429522259.1	-0.5279646749828691	0.183343085063514	-9.812449008730383	9.752147337402223
1429522259.12	-0.4550534083785925	0.10769535761599032	-9.708461698636825	9.670624187917577
1429522259.14	-0.602800711007597	0.2189888293329043	-9.628503981087894	9.666394718047831
1429522259.16	-0.5494321657621664	0.10696463184356639	-10.039794309676115	9.978336453756581
1429522259.18	-0.7585981125145643	0.0408866844987142	-9.73551655302958	9.73386927847853
1429522259.2	-0.489176097271415	0.2746065270915198	-9.155761319352456	9.240397933051762
1429522259.22	-0.6292813784495748	0.14511214323746194	-9.221022846576242	9.463865107693085
1429522259.24	-0.5036896093793694	0.22956184830487736	-9.450888904800538	9.711185243606325
1429522259.26	-0.4748560621995802	0.20319212191512323	-9.632112573305665	9.588717097600563
1429522259.28	-0.46521209192110985	0.0688828750930494	-9.84761597020821	9.686334405020109
1429522259.3	-0.45908188655514226	0.14849638998937884	-9.996104404731396	9.699600836796622
1429522259.32	-0.35501926340694795	0.2749203809693857	-9.832845438995289	9.940797357754848
1429522259.34	-0.5963444017774516	0.15428982568744212	-9.625719222257766	9.8290111999422
1429522259.36	-0.6867299260024861	0.3626943570783613	-9.646574959812636	9.696149936447762
1429522259.38	-0.6144533456717816	0.3178065999430349	-9.641342379875994	9.617216214750233
1429522259.4	-0.6667981580370763	0.26253287768609557	-9.542796547272044	9.867272304593925
1429522259.42	-0.7160973879848147	0.16403048618591362	-9.888692928393676	9.552593478895288
1429522259.44	-0.5293945581153141	0.28144004938242756	-9.59789096979538	9.615867031186966
1429522259.46	-0.5119362718586218	0.17541666492543315	-9.458978758959235	9.729630403140714
1429522259.48	-0.31805286464696375	0.3373545438515845	-9.730524667687241	9.786248102231351
1429522259.5	-0.5350741798934453	0.2261730574398506	-9.704032900030244	9.713868979347804
1429522259.52	-0.6566352914350239	0.4168896459500345	-9.73720970094265	9.72880376455116
1429522259.54	-0.5790429731144849	0.2644385718183353	-9.718000608614512	9.75359503478982
1429522259.56	-0.6755461800820801	0.18644129392023748	-9.693985108266288	9.583296285784376
1429522259.58	-0.5240566490814065	0.2862355978504547	-9.661508530243731	9.634290161549586
1429522259.6	-0.5633571370785472	0.05152533486464733	-9.612185690777508	9.747996103368783
1429522259.62	-0.4831345109480439	0.23842018896072745	-9.811833833296495	9.718543992414206
1429522259.64	-0.5712366415438543	0.1266946383286207	-9.593277110315604	9.59763423068251
1429522259.66	-0.6822275559247659	0.43800890718842717	-9.72117287197676	9.764354777140444
1429522259.68	-0.5232097958931358	0.09866994901052126	-9.60949636381516	9.738598738325116
1429522259.7	-0.40030628045411143	0.14282767883653288	-9.234599912091328	9.410713964287098
1429522259.72	-0.35954126808815573	0.18301993694497887	-9.53213452002688	9.241235002520117
1429522259.74	-0.4003095049689043	0.09536891396377073	-9.491766468284416	9.730497682573183
1429522259.76	-0.47857234439464613	0.1575874951356622	-9.719890286608873	9.984082355479591
1429522259.78	-0.7086073017144487	0.23566753452601194	-9.783596556370288	9.66847752805358
1429522259.8	-0.6285886383912019	0.05207003144236147	-9.935147298965203	9.7941974022411
1429522259.82	-0.6204315389666473	0.4890360877362057	-9.739260611406687	9.78443673780723
1429522259.84	-0.8885877009423663	0.27971277719539417	-9.943574868665596	9.91042549856476
1429522259.86	-0.6477516902091747	0.19472556927217533	-9.303771908681545	9.326002163957089
1429522259.88	-0.32644527230950837	-0.07792410653690217	-9.585531556930052	9.629556228205482
1429522259.9	-0.18413193575079798	-0.11656942571119192	-9.670431104935407	9.500703001122623
1429522259.92	-0.057202604388308126	-0.022901727786866402	-9.129044719428551	9.153997200195162
1429522259.94	-0.12967682363116362	0.08036434849361394	-9.086579567100062	9.22905799921812
1429522259.96	-0.45648752006126514	0.2668223321226927	-9.217757811466273	9.435082003898836
1429522259.98	-0.5709134867129733	0.13664876647822394	-9.577408893866796	9.647383916464197
1429522260.0	-0.4931390143975628	-0.0072936718466411615	-9.784921239639594	9.590815509866498
1429522260.02	-0.46185347744256916	-0.14769677524595973	-9.283107669363673	9.289821673047467
1429522260.04	-0.47282196606610677	-0.1017391588767958	-9.13707444150235	9.349975649278424
1429522260.06	-0.5222919660278811	-0.06210886349468217	-9.466333547596738	9.71280654720031
1429522260.08	-0.3734744193325706	-0.08423235415977144	-9.377054848228022	9.530132422372903
1429522260.1	-0.5272638075406836	0.15869823618365858	-9.38962613014298	9.501294727118296
1429522260.12	-0.4906417246677004	-0.06121197157402064	-9.698517053368102	9.600787524713159
1429522260.14	-0.6309529751492655	0.28296920445126605	-9.873159356540082	9.914710475061156
1429522260.16	-0.731443818835902	0.3767932484320501	-9.887485159116379	9.68370264833335
1429522260.18	-0.6057358582526964	-0.029966710415402317	-9.61120477403208	9.547261108541251
1429522260.2	-0.5651260276478134	0.13235759389121138	-9.884704976100645	9.768832689124274
1429522260.22	-0.7322160272359337	0.34140159536467296	-10.030593794303583	10.051845764698012
1429522260.24	-0.6468375108451336	0.2079238321784571	-9.796704142510764	9.883021740565663
1429522260.26	-0.6664133404556525	0.25814046626161324	-9.25628902951369	9.148552676377717
1429522260.28	-0.6796221769402837	0.2043073128183675	-9.519465115123273	9.3984046551453
1429522260.3	-0.6627728260946786	0.39511184760600193	-9.564595999156424	9.700782293233837
1429522260.32	-0.6530849218628546	0.21480607103595573	-9.583502420768228	9.512908044717381
1429522260.34	-0.49958455370595106	0.08694388678071728	-9.393316231522048	9.648993242300808
1429522260.36	-0.43082357520447856	0.13133029545679892	-9.20445436422024	9.40815938157697
1429522260.38	-0.49639154589406215	0.28598426411833466	-9.249288987675472	9.182561688525604
1429522260.4	-0.49845550604311595	0.23130423688333182	-9.675219556747477	9.529679171045004
1429522260.42	-0.5047700712596246	0.08857270661794182	-9.729393391527426	9.620399927239113
1429522260.44	-0.7291019932606981	-0.04335200057195583	-9.691256874226246	9.722696132967187
1429522260.46	-0.7545242397120822	0.174245187145542	-9.842875964875875	10.016914568828001
1429522260.48	-0.6982965197854796	0.2135567717872387	-9.795038780713881	9.79996526926429
1429522260.5	-0.5944236867237289	0.26834416815496825	-9.617729980898714	9.660202025725692
1429522260.52	-0.5273201962885377	0.21612824447753526	-9.822124518594341	9.853636171966462
1429522260.54	-0.769456059042014	0.2370724698020853	-9.822933721756918	9.776364611889028
1429522260.56	-0.5919732443776227	0.42989104210917006	-9.836928928155007	9.921259947365698
1429522260.58	-0.5026731012022319	0.3390793086473566	-9.973012678290601	10.070933249104419
1429522260.6	-0.5265263755854681	0.26050369723007494	-9.983969053671352	9.842797689268428
1429522260.62	-0.8874181459546349	0.28904941237618786	-9.81961027213738	9.654008708418399
1429522260.64	-0.64499105789294	0.2705341811017609	-9.241559945085742	9.253533871280833
1429522260.66	-0.5632729378424415	0.16815303640358487	-9.44029658557345	9.490197581648308
1429522260.68	-0.7845603195803061	0.1506754397655735	-9.533087691322379	9.58868186817314
1429522260.7	-0.38873578397421255	0.15517198318900188	-9.804649387329869	10.06359711775636
1429522260.72	-0.5796709139509819	0.12493742853931028	-9.845502178386983	9.805924210962562
1429522260.74	-0.5560031132596258	0.06599064270562506	-9.682952541748408	9.776254331452295
1429522260.76	-0.3004353566456878	-0.08182313526709716	-9.549759257369656	9.746473797781249
1429522260.78	-0.40585424705273665	0.027584828184768928	-9.718868751637975	9.551561820067434
1429522260.8	-0.4265869702698655	-0.0743445851036874	-9.314823431802076	9.361671306677529
1429522260.82	-0.7896305981590829	-0.2119107951766364	-9.674908877420235	9.55796852289158
1429522260.84	-0.6974588480002489	0.2189640155285918	-9.52728912525696	9.596074089823826
1429522260.86	-0.8425571588632481	0.22687440243920082	-10.334232475670024	10.431678703027698
1429522260.88	-0.9982451961821532	0.27114636832585215	-9.696443635316072	9.693560587306017
1429522260.9	-1.0984320568730679	-0.218811038092129	-9.36608129666945	9.385595311992155
1429522260.92	-0.7952377987534127	0.07743507411227497	-9.511737621399536	9.665908490210104
1429522260.94	-0.8028704567118105	-0.10119850241874889	-9.60565147466971	9.532758801480764
1429522260.96	-0.6804953232891755	0.05719616601670653	-9.65737399316232	9.55698975341556
1429522260.98	-0.6877922034517671	0.018499326677232406	-9.372874838728514	9.316030373973632
1429522261.0	-0.9712740796417921	0.10572991526632308	-9.455909258277687	9.7056531137618
1429522261.02	-0.7845647814824659	0.20437596017066756	-9.383682684824922	9.56555004016622
1429522261.04	-0.8506833562474347	0.03717131804071307	-9.217619498712775	9.216169034874213
1429522261.06	-0.577693240471983	0.3729356987559518	-9.00940906977594	9.206690491570813
1429522261.08	-0.5089305392988619	0.08969697971750779	-9.458173342056686	9.600786916803486
1429522261.1	-0.4989407996670243	0.11106103323049156	-9.918426914239387	9.689777563046924
1429522261.12	-0.8214038760222133	0.11398891674748676	-9.924074375587495	10.01296295059809
1429522261.14	-0.6950797173368419	0.19172099062595283	-9.669413432216938	9.462594464348552
1429522261.16	-0.6064834198152206	0.16212848914346215	-9.531361324884593	9.764577610849107
1429522261.18	-0.655893449170733	-0.07968509664843687	-9.56854873566202	9.57174727295246
1429522261.2	-0.48435902271947595	-0.04669873079033794	-9.54741044662821	9.824593656733171
1429522261.22	-0.3393900636052022	-0.23252553233277615	-8.983675180443033	9.010498266562925
1429522261.24	-0.21297349853844083	0.005443810361956345	-9.91173014159498	9.67730493630509
1429522261.26	-0.42072670792855515	-0.015016103598405314	-9.69839735991616	9.9200447268077
1429522261.28	-0.5214551440653635	0.16508777374809105	-9.353933157793131	9.637455494343886
1429522261.3	-0.5064293185215575	0.12573215217149689	-9.865418770003535	9.602923605669888
1429522261.32	-0.29271598554131256	0.1635759473626178	-9.586910089271171	9.60504154854196
1429522261.34	-0.621337035101345	0.6360383346279975	-9.300672643801626	9.420085767563116
1429522261.36	-0.7897872862497819	0.22890835979689192	-9.601510534575352	9.742442903725378
1429522261.38	-0.6619304201292695	0.23095018043310822	-9.4421248316188	9.533050924470793
1429522261.4	-0.5951420819064752	0.11510506534559783	-9.601968425783644	9.663869024616762
1429522261.42	-0.470263391573382	0.3103311584599326	-9.544863210911533	9.620283066734896
1429522261.44	-0.44289949195820094	0.04011412863621898	-9.618402863079073	9.630967102921849
1429522261.46	-0.4331837533363162	0.10695756924475255	-9.482671276291187	9.655051509742732
1429522261.48	-0.7657101350646249	0.04213226819046825	-9.72621493708082	9.78261341202561
1429522261.5	-0.6674686060339424	0.02326723765324927	-9.79902228638271	9.737003756185068
1429522261.52	-0.6361549346624094	0.4360948572049688	-10.184371962295144	10.077895127399326
1429522261.54	-0.5970978543808325	0.31106235952868355	-9.758598058953933	9.773789809490122
1429522261.56	-0.40623674105561913	0.17490338665295393	-9.956578057119298	9.769820754167187
1429522261.58	-0.36999062054214765	0.4762848333522492	-9.679004988002882	9.372636541312845
1429522261.6	-0.6698520746509268	0.42788660546822216	-9.823828747711497	10.068932130340569
1429522261.62	-0.4537586113106531	0.20818768273877244	-9.491088799327054	9.65468912052089
1429522261.64	-0.42447450476243137	0.04924538392114103	-9.754491515292065	9.960204095318929
1429522261.66	-0.4598765775291845	0.2881200680899893	-10.031339426226303	10.152883404279757
1429522261.68	-0.5254044391844354	0.3035217051204576	-8.842282991157601	8.969817407379368
1429522261.7	-0.42482452867614656	0.5359456266046829	-9.48330653529513	9.391226198356723
1429522261.72	-0.5351149495962544	0.12058745705689111	-9.641748698493524	9.729873001595692
1429522261.74	-0.7199664458017984	0.43749079186676143	-10.046420696536114	9.870611337348446
1429522261.76	-0.7694838639048058	0.2719559201540276	-9.713376718545991	9.74103699227052
1429522261.78	-0.6851506350430692	-0.2521319874854694	-9.363098574283315	9.59523125479683
1429522261.8	-0.5718496928947369	-0.007634762096791647	-9.605037643430773	9.586761287172882
1429522261.82	-0.6628459880294424	-0.07218628371593644	-9.515611369731108	9.578905840113352
1429522261.84	-0.3981319582629784	-0.13123937677655811	-9.701272922376106	9.619928478122711
1429522261.86	-0.41887656619753205	-0.06303445219589095	-9.706782605879269	9.7254964850975
1429522261.88	-0.6620328482002259	0.12875601282275348	-9.758632903934744	9.622753442614401
1429522261.9	-0.22008595702160055	0.03504641179534698	-9.952278921124416	9.87287524990894
1429522261.92	-0.398187946437814	0.018277837073010603	-9.476449349413432	9.569235150106666
1429522261.94	-0.4629684945661356	0.030628258905448486	-9.970995809679177	9.753944973595745
1429522261.96	-0.40500171486901176	0.398034728834944	-9.673821773488658	9.768322401750776
1429522261.98	-0.6367229931595128	0.30141402507377224	-9.510591545692748	9.647853309076751
1429522262.0	-0.603539592733222	-0.012557142036377297	-9.522016935301927	9.458032378573364
1429522262.02	-0.7073102442251021	-0.11803331717409243	-9.955068660493987	9.75246745439047
1429522262.04	-0.6152790805404292	0.024045136921017646	-9.678585638188745	9.690898914267517
1429522262.06	-0.7616105684683429	0.3837798491507335	-9.969605251129773	10.06114603624162
1429522262.08	-0.7171733922397198	0.43955237311662143	-9.76512271614695	9.665665270706059
1429522262.1	-0.6798769048060259	0.4162710390488539	-10.151837250744835	9.850480255697773
1429522262.12	-0.48703429632653195	0.4225018676535207	-9.554922500031248	9.697322717707175
1429522262.14	-0.5742517468108328	0.2645684930092742	-9.5307992914139	9.58277728266692
1429522262.16	-0.4741425091831598	0.22467140791374524	-9.643811786799734	9.722680695839653
1429522262.18	-0.5437463072289642	0.11946646511629233	-9.832757473124463	9.89966609739689
1429522262.2	-0.5373663621343132	0.11563025125460204	-9.306583726933354	9.765985688703434
1429522262.22	-0.3491224604760075	0.36519619295068206	-9.483064977361902	9.420534010238141
1429522262.24	-0.5209321676192912	0.4322782922489597	-9.355225858267657	9.36207488651597
1429522262.26	-0.7685986755346228	0.3725734150500757	-9.329787287585093	9.28661028206371
1429522262.28	-0.5296064591607088	0.2941560487670098	-9.597844304689033	9.583326256449274
1429522262.3	-0.686040581171924	0.2635529067840737	-9.377414436270008	9.71277493424246
1429522262.32	-0.22304759993952905	-0.04248490022033504	-9.553198663177977	9.559130156442029
1429522262.34	-0.519593372851515	-0.018843196826662977	-9.547906433144611	9.6524445321601
1429522262.36	-0.6502935071784882	-0.14995683850081637	-9.713236041780263	9.691090079787635
1429522262.38	-0.46866539619977093	-0.08980104290281155	-9.519986177181334	9.615566211635876
1429522262.4	-0.7672122931127588	-0.10924144187788419	-9.474315094608489	9.43071251393713
1429522262.42	-0.6441757875853336	-0.19930328827762667	-9.456459636321288	9.52042571715403
1429522262.44	-0.3323391009889688	-0.48202386565803007	-9.950349246362935	10.001720952817065
1429522262.46	-0.35765715152829824	-0.11098618565471197	-9.498786616880917	9.703245108762525
1429522262.48	-0.662445357465075	0.08230627216159445	-9.821062492957427	9.601896678968155
1429522262.5	-0.733429818821723	-0.01902816074012499	-9.594340037880224	9.47586961677359
1429522262.52	-0.5355624720042882	0.010288567370924087	-9.613614832232589	9.58291407246548
1429522262.54	-0.7023853875884903	-0.0527672628980945	-9.433760758365022	9.363764820176115
1429522262.56	-0.5882990461227136	0.16806995036437128	-9.339232222693575	9.437972423057717
1429522262.58	-0.625106561967676	0.17415879257300043	-9.488408248121415	9.553049163480322
1429522262.6	-0.7897785918744957	0.16730369515241972	-9.439952633674942	9.691802969405108
1429522262.62	-0.8143627529971482	0.09977229268741834	-9.723867515314703	9.752779641032719
1429522262.64	-0.6009730403997042	0.10012353926811261	-9.755154611930676	9.940994126560293
1429522262.66	-0.6392498431456253	0.2111750349062398	-9.778058404814713	10.052382798877014
1429522262.68	-0.7939266118317143	0.07014304674002711	-9.513965010672342	9.623115897178439
1429522262.7	-0.8610467109357351	0.16928120377530986	-9.380123967812624	9.470104968824986
1429522262.72	-0.5432393054668887	-0.0008409415328623215	-9.606481539741576	9.42129445567353
1429522262.74	-0.3907053431462391	-0.10338544707738806	-9.734151403415463	9.58806992281643
1429522262.76	-0.642556706920402	0.2198866467507211	-9.518398937928	9.71454081920879
1429522262.78	-0.590958309185877	0.32137240176100446	-9.515541569315852	9.537941350637517
1429522262.8	-0.43484535623283815	0.14591297315496027	-9.536219302373055	9.553629565377822
1429522262.82	-0.4406364358704546	0.18322933912603415	-9.581775712493101	9.532212051109243
1429522262.84	-0.3745782137028961	0.3721310043006857	-9.800109363686108	9.911044296540883
1429522262.86	-0.3197978622612907	0.25559067466891067	-9.65028388406744	9.501389308549864
1429522262.88	-0.6106594069306642	0.2938685796997388	-10.27845442494781	10.357409221840935
1429522262.9	-0.6038981387725689	0.11667382684870771	-10.143664758330017	10.149937928459602
1429522262.92	-0.48977754553957636	0.1427076738689376	-9.78094791364254	9.684091800363044
1429522262.94	-0.5704440891103344	0.05082628747190408	-9.686531854145151	9.595105182551524
1429522262.96	-0.6276405212428092	0.07153940845683983	-9.106614378247269	9.169131338383027
1429522262.98	-0.6104149757832732	0.15786654307364908	-9.29509588561856	9.403324529901717
1429522263.0	-0.43841632753985926	0.2720124016261636	-9.267770494634563	9.532055961856841
1429522263.02	-0.6602165879048503	-0.1040687093545456	-9.226160552890098	9.235782218379606
1429522263.04	-0.49563485800511725	0.21017373037701692	-9.12990152645153	9.176894614206619
1429522263.06	-0.5447767819841189	0.18180147129424992	-9.291849065364563	9.513653312753359
1429522263.08	-0.8070647557567014	0.15023739443198048	-9.335715113581301	9.376632500898934
1429522263.1	-0.5629007381970474	0.09160069334685882	-9.508131698653887	9.428561070036091
1429522263.12	-0.7492672026879421	0.09387322709806399	-9.815209939657095	9.571836733748421
1429522263.14	-0.2912550263724635	0.08156103738847664	-9.525734339848487	9.67525365986358
1429522263.16	-0.525408830192219	0.2925393717293644	-9.470846314265879	9.504040186108446
1429522263.18	-0.5889804563177913	0.28035557903026	-9.411352517044822	9.82376324432967
1429522263.2	-0.7660083382861584	0.19117163712022156	-9.679784977055133	9.711186253050371
1429522263.22	-0.6551017612377524	-0.03390670306076202	-10.298912024867727	10.376385948125634
1429522263.24	-0.7885823405195633	0.27695201644060174	-9.71943606915731	9.660423258560359
1429522263.26	-0.47050013457840983	0.18250306093195334	-9.44504414017968	9.431627596405175
1429522263.28	-0.28902291259707424	0.3269162184615771	-9.287062207372115	9.251908823298034
1429522263.3	-0.4280122234319791	0.08900868702175416	-9.90689910803043	9.766142985458522
1429522263.32	-0.20525799064327394	0.06307325866072891	-9.662021246387456	9.615407878508195
1429522263.34	-0.4291040266658352	0.21561350136863572	-9.44975443282472	9.352848970207505
1429522263.36	-0.6539420551447019	-0.09866142090217336	-9.607973466446499	9.619265281587278
1429522263.38	-0.4807415498256465	0.09266831075357011	-9.76497879745666	9.805151599531506
1429522263.4	-0.7028171254077709	0.4045456622936711	-9.744665189942522	9.82483185960916
1429522263.42	-0.43230995701347114	0.33425363698386523	-9.808518922082667	9.797523470660172
1429522263.44	-0.4615215078690358	0.18452383698150993	-10.012680996213858	9.982263445393135
1429522263.46	-0.231700544136641	0.18264243937150326	-9.400449198317661	9.569533388502023
1429522263.48	-0.5519062396975274	0.19414062277081293	-9.872917928307377	9.807468565196176
1429522263.5	-0.5949714366404978	0.25302122449575437	-9.737362237665966	9.827027442096327
1429522263.52	-0.7266411290583548	0.16416666498929822	-9.911225190780497	9.709656123480219
1429522263.54	-0.7044904573339149	0.36023170428049417	-9.68888308454332	9.629782858797672
1429522263.56	-0.9021330114647104	0.1750581911745675	-9.649373463449646	9.600313135371753
1429522263.58	-0.7927020837105636	0.1449263902464062	-10.125153513462468	10.006372407755014
1429522263.6	-0.5471491980321783	-0.18249951361714728	-9.58936662400399	9.526545386595371
1429522263.62	-0.4934675156406887	0.12269424354378317	-9.761432632356758	9.644649029273234
1429522263.64	-0.1629063108843326	-0.13740551127096334	-9.449799294376419	9.503149935124824
1429522263.66	-0.30961617935851216	0.043274657866329544	-9.757758389475306	9.837343672109444
1429522263.68	-0.6816288748203332	-0.02029859245605113	-9.504504094790757	9.638737800668455
1429522263.7	-0.5041974336320234	0.14768945584295218	-9.632076832676857	9.75143863223943
1429522263.72	-0.5683601694408632	0.09287280795882423	-9.707683713024432	9.683878772072758
1429522263.74	-0.48586369948290836	0.029190745037508126	-9.575257234701956	9.80599420662902
1429522263.76	-0.4421644387298638	0.14452955406542936	-9.955023109225309	10.043512987426999
1429522263.78	-0.3955472645290926	0.012455014865523703	-9.748757360779738	9.704508245899177
1429522263.8	-0.4323652095280362	0.11671603835882532	-9.684190755520424	9.880037578214186
1429522263.82	-0.5828513491799715	0.056475523832786576	-9.626519653517526	9.710412048389673
1429522263.84	-0.45501624647289174	-0.0021927858262715955	-9.175678595996088	9.348466915399618
1429522263.86	-0.5142542896923908	-0.07627604280490113	-9.611065302272307	9.653668295839728
1429522263.88	-0.576474220810233	-0.009559306067026933	-9.487321244627235	9.387328113834245
1429522263.9	-0.6234815029044019	0.09599824018605396	-9.865549398075357	9.937526040850562
1429522263.92	-0.5565320163389469	0.11286528063148006	-9.904365853683279	9.994519455982898
1429522263.94	-0.50974959500721	0.14726853861909855	-9.837474101331697	9.862877903609744
1429522263.96	-0.4419633975632692	0.3166539446963478	-9.650666032314032	9.629014438283187
1429522263.98	-0.5411390637935294	0.3833944145431945	-9.72867296059812	9.71601776456005
1429522264.0	-0.39262866115044825	0.30402058579543045	-9.569031753722149	9.613016870876299
1429522264.02	-0.6201486300841322	0.2056286087501978	-9.736828086571279	9.700571026456027
1429522264.04	-0.46748077878027544	0.2036070534235368	-9.433418715595613	9.524329199708202
1429522264.06	-0.5747039918213751	0.048827516510374924	-9.737795624581862	9.8449237187143
1429522264.08	-0.5237845199997826	0.34183390898649413	-9.812209746676025	9.911582191363701
1429522264.1	-0.5602492412576052	0.22172513331439966	-9.94887505619972	9.94739923632949
1429522264.12	-0.46856652453085285	0.18228765439175687	-9.674309548310173	9.875733050240038
1429522264.14	-0.3523127829343716	0.30449413558482524	-9.643838162498627	9.783830349476494
1429522264.16	-0.49642006862944366	0.14721599171640215	-9.835577894193468	9.748704664828958
1429522264.18	-0.34323238768617526	0.25593086746274313	-9.584286300514924	9.666826157886392
1429522264.2	-0.5716371449823279	0.5107068103097838	-9.363844003027614	9.546495872667313
1429522264.22	-0.7670318421408917	0.3690759407276941	-9.543458409261422	9.607244005762492
1429522264.24	-0.6324084443878435	0.30529871798961156	-9.662220041199497	9.49360881841035
1429522264.26	-0.6219988811438877	0.22063223387512176	-9.477334487955275	9.569839306892765
1429522264.28	-0.6132902800087889	0.18132553433359475	-10.045596288868817	10.06768932632343
1429522264.3	-0.530689376763355	0.36461394521254215	-9.943161820000123	9.806938692396516
1429522264.32	-0.5825949325812841	0.16532384012088294	-9.568428652726253	9.706641748532574
1429522264.34	-0.6607457091317523	0.10790262943405239	-9.731383115104192	9.517612481864125
1429522264.36	-0.6061303313876247	0.27821929813890695	-9.646902864740289	9.72533360060681
1429522264.38	-0.41690769909573333	0.1485174519452728	-9.929870367895202	9.834776780483718
1429522264.4	-0.6034289520548557	0.12894684296240347	-9.802304716402208	9.883792108188079
1429522264.42	-0.4226212928884186	0.20045384740934657	-9.654751425513163	9.73001942973355
1429522264.44	-0.49649256627151456	0.16897730628791272	-9.4447281765223	9.621044534638163
1429522264.46	-0.6016054771970483	0.19938912595703667	-9.486601278639586	9.630944061436207
1429522264.48	-0.6756493837307969	0.39453517141162875	-9.763901918376549	9.680017926542472
