timestamp	GENEActiv_X		GENEActiv_Y		GENEActiv_Z		GENEActiv_Magnitude
1429522244.5	1.195057975558723	-8.534801856947276	-6.840058715028085	11.037072216631266
1429522244.52	1.413121386014634	-8.821321046783252	-6.482303640671132	10.97034188560036
1429522244.54	2.0628078107750687	-9.361815639225764	-7.064351548657017	11.708673054841142
1429522244.56	0.8684341587451407	-7.14813588075807	-5.854594335260999	9.3605395173294
1429522244.58	2.0494512805620198	-6.479681016459172	-5.224988723168061	8.352656197277266
1429522244.6	2.2681832251590235	-4.89821605725739	-3.362404890989443	6.29970134017709
1429522244.62	2.4508771826723557	-4.339577837547866	-3.1684568311060652	5.566387072417124
1429522244.64	2.073117416938399	-5.708803094549465	-2.9173068279825287	6.8304940048492
1429522244.66	-0.2830001873542416	-5.83054477131305	-1.6803854066692832	6.1252182926975385
1429522244.68	-0.2878397599895869	-4.92903481053214	-2.674673299093851	5.416576005061918
1429522244.7	-1.611113429752352	-7.360077147176589	-4.041033570029047	8.451140244175338
1429522244.72	-3.117447001599092	-7.947909760772009	-3.1412894496764734	9.221855261002766
1429522244.74	-5.418626054416978	-7.929101515126631	-3.2685374789325534	10.082329403657212
1429522244.76	-3.0343645779239927	-7.781163113624291	-5.274229628165518	9.94605220352439
1429522244.78	-0.8738909733977132	-8.16735430783432	-7.1590389251510445	10.82824863697092
1429522244.8	-2.369410796942325	-11.189166432762608	-1.8320328416005038	11.500058062130766
1429522244.82	-4.18842613101849	-10.903112486036868	0.782015407470051	11.606743439424372
1429522244.84	-9.191009166951133	-14.238919556256905	1.0004622038337758	17.141125567244515
1429522244.86	-8.128309009834897	-9.955181693887207	-5.143341899134887	13.979393359270418
1429522244.88	-7.161912491050937	-11.566629733680898	-6.186992238743023	14.989376631468101
1429522244.9	-1.9220271316676234	-12.625072438978144	-6.579814247350743	14.050729367617306
1429522244.92	-4.073327051621751	-10.559128513988227	0.44124292522682734	11.435598007193288
1429522244.94	-2.8670969802056443	-8.372812565430515	0.5163421279415127	8.741642210180439
1429522244.96	-0.5340579819211397	-9.762762049084042	-2.63336588540156	10.120727441482472
1429522244.98	-2.5252059631605803	-8.511459260973846	-2.9507197642897376	9.557822341415047
1429522245.0	-3.528387588815758	-8.392553946673276	-1.8801531281521613	9.160094361818272
1429522245.02	-3.9471307226760954	-7.380934348648617	-1.7571806462662354	8.718858060275787
1429522245.04	-3.7425191916263936	-7.298155892524032	-1.9242274801421526	8.510034904191489
1429522245.06	-4.209717329253125	-8.989014910561817	0.41621002388913486	10.377297108859231
1429522245.08	14.94176208974741	5.589955637441892	3.3490676576988783	16.288054770054874
1429522245.1	-0.4713909226767111	-10.241193784370079	-1.013322175248581	10.365158195987345
1429522245.12	-0.5229338788511392	-11.286800328478021	-1.6807997183294066	11.252397180820378
1429522245.14	1.7643889349016926	-10.174533754650186	-5.456920267350922	11.694900738028524
1429522245.16	-1.806986804353554	-11.295791095969252	-1.266597665843337	11.775387406648841
1429522245.18	0.7574632551105536	-9.754156202782822	-1.617789432305679	9.769077615805173
1429522245.2	0.6825808243854959	-9.633619173105934	-1.734229039807848	9.850163033305394
1429522245.22	0.4447269348525811	-9.562473585795507	-1.5340576518718516	9.674995920942576
1429522245.24	-0.16645317108368968	-9.920960410312793	-1.7624680669437938	9.928614858583133
1429522245.26	-0.01733369468702592	-9.936922812840088	-1.2936035761736262	9.942867077005406
1429522245.28	-0.019926230299205625	-9.965973807212325	-1.4781065772291921	10.046595662500938
1429522245.3	0.5305067040115734	-9.817095333749274	-1.650311136916634	9.773522731964615
1429522245.32	0.4358693429633985	-9.464195515925246	-1.9567714929052835	9.851761361938037
1429522245.34	0.392544317323414	-9.682036491841155	-1.6900370670636224	9.885307967908831
1429522245.36	0.10754309705083506	-9.929089793057335	-1.4526212353933865	10.181723730395852
1429522245.38	0.017436162620720556	-9.93794713242606	-1.726633981908363	10.091755656705155
1429522245.4	0.2502995791247439	-9.701284752766286	-1.6677440226312836	9.857324082953188
1429522245.42	0.2846832786741517	-9.694368033885443	-1.7150028730073115	9.955590821706176
1429522245.44	0.1372238325063216	-9.578650971623825	-1.6112228107218172	9.728921526029657
1429522245.46	0.25916745583399436	-9.947955268968046	-1.6487617983717788	9.8683279942119
1429522245.48	-0.06082580641392564	-10.07145807239963	-1.3904782174230348	9.975909347404581
1429522245.5	0.21227619285675672	-9.688171350071363	-1.5406837466857106	10.003683557443768
1429522245.52	0.09352852551376763	-9.78902157202313	-1.3698975363586998	9.951624729267131
1429522245.54	0.18738046351180818	-9.769986375652406	-1.5813592424548188	9.905163140728344
1429522245.56	0.13090707604934965	-9.790795224060359	-1.651989671184482	9.84003440603973
1429522245.58	-0.014239418534368772	-9.772823738293678	-1.5867941684003473	9.717292119303398
1429522245.6	0.14509951044953362	-9.733904263518358	-1.5865428676184932	9.879543905269399
1429522245.62	-0.022411848106034915	-9.89698269431997	-1.6436511141297383	9.923788305311193
1429522245.64	0.13018157425110624	-9.955010986068057	-1.4678958614592363	9.979492801457745
1429522245.66	-0.07973731884055725	-9.80253913458283	-1.5529005441332422	9.696829241100438
1429522245.68	0.05284368176205294	-10.045984423821587	-1.7243490347682389	9.994141212771162
1429522245.7	0.023986661653791735	-9.846183947734986	-1.3512942805815156	10.005937240718573
1429522245.72	0.09755353715378029	-10.008450081306178	-1.399330776130187	10.081796313938499
1429522245.74	0.08086984422827005	-9.588060817247698	-1.341971004325769	9.829579462646798
1429522245.76	0.1567829392342227	-9.846008251706708	-1.608905252242375	10.009091607320741
1429522245.78	0.40646990571789776	-9.764435904955686	-1.691863316823697	9.978803518589512
1429522245.8	0.10208896345154192	-9.9029154167736	-1.671123367204986	10.021466158326437
1429522245.82	0.007127511746700774	-9.879176526465555	-1.6697612378360338	9.770588930818302
1429522245.84	-0.008726116138840917	-9.473136565438253	-1.380991375795773	9.609103412749842
1429522245.86	0.30172454766301615	-9.43046565504013	-1.50229907238533	9.662417514437216
1429522245.88	0.07810073811292259	-9.882038325960682	-1.6541059746522992	9.922889339346462
1429522245.9	-0.19442951105239947	-9.931066576425112	-1.7306980234332818	9.956286695199976
1429522245.92	0.05459821595653072	-9.907747135708856	-1.4747034458092059	9.800303081803547
1429522245.94	0.21959646090800025	-9.690570052973879	-1.6934509074448165	9.943984736496649
1429522245.96	0.32769981509747054	-9.694650094063316	-1.5575322978921078	10.025134524340892
1429522245.98	0.34729056600338876	-9.767741348377475	-1.6815894658770205	10.152193317990946
1429522246.0	0.06224167341319409	-9.921141908936315	-1.6597287497384583	10.053923875267106
1429522246.02	0.18380595449629067	-9.727927981297816	-1.473350279783749	10.002330346955768
1429522246.04	-0.056063109818560955	-9.753159863532767	-1.7448781808785359	9.952516523739174
1429522246.06	0.03107406919080692	-9.92434651024829	-1.3814469015465702	9.873273785962756
1429522246.08	-0.17378648164877064	-9.889470039797809	-1.7748019571735243	9.959232176624672
1429522246.1	0.1478179624248281	-9.724264672562773	-1.3894998207654143	9.942981467360667
1429522246.12	0.10206019930383575	-9.570614115834227	-1.5960004113060924	9.821892107835875
1429522246.14	0.117591025964039	-9.61946440565394	-1.67049381554497	9.812023582123157
1429522246.16	0.27931353164482836	-9.956261488409291	-1.6217620191369053	9.959604544149606
1429522246.18	0.24684333073383583	-9.974294455867474	-1.388337716396985	9.936113873106938
1429522246.2	0.05620181919742652	-9.740038081139778	-1.5076749810005945	10.101831694310778
1429522246.22	0.12820220704164131	-9.944095506229425	-1.7820249151674687	10.169416392042704
1429522246.24	0.14651476341506614	-9.83456290883499	-1.7999008581326659	9.958743003369069
1429522246.26	-0.07111300710265493	-9.738148698137751	-1.5792240017947274	9.785882557282125
1429522246.28	0.2444523145067699	-9.829224587709401	-1.4026639267109542	9.96751338956679
1429522246.3	-0.02240814726413104	-9.718814262110191	-1.362245374847734	9.717755965546294
1429522246.32	0.004798972885023456	-9.9850720952555	-1.5296899888387498	10.121352259771939
1429522246.34	0.2799974044066338	-9.592955083126359	-1.6009323341186785	9.991836141533483
1429522246.36	-0.03590640253096061	-9.601446595378368	-1.5120557055620105	9.825358092868955
1429522246.38	0.23440815846147098	-9.635088736235165	-1.5819056247767278	9.864558081549625
1429522246.4	0.024111747672479943	-9.825551939226733	-1.4692884216382827	9.742647211940312
1429522246.42	0.13000877578406342	-9.734955008025333	-1.935843092009551	9.765366887809847
1429522246.44	0.22906324881802836	-9.760413678022115	-1.717986330354196	10.123173549759445
1429522246.46	0.2683782149348407	-9.704636995453331	-1.7608292849932379	10.034734695361676
1429522246.48	0.11856183890593755	-9.973668422539943	-1.5394323129516319	10.040293299307928
1429522246.5	0.12015362326257834	-9.736768891149385	-1.4556845974321126	9.979111425635253
1429522246.52	0.14113883021852824	-9.829041910698303	-1.594528848196549	10.080725410936767
1429522246.54	0.13446619191425177	-9.754349150229004	-1.3357738771924113	9.932528554052352
1429522246.56	0.14405214625240387	-9.698693600668053	-1.340656694904371	9.800620290017946
1429522246.58	0.10363542217893938	-9.875737744325425	-1.7520569962886263	9.879655557036077
1429522246.6	-0.029652623845305648	-9.958286122374304	-1.504686421221768	9.929150919850679
1429522246.62	0.005201461557046108	-9.96435485069977	-1.6234195786068948	9.938486269881023
1429522246.64	0.26102730145405395	-9.902831494855446	-1.4691419876492398	10.019916766583705
1429522246.66	-0.011071201049351012	-9.665971062116975	-1.4115296674390732	9.702499642927638
1429522246.68	0.05314493607186464	-10.082368126673444	-1.9897167643628573	10.10886757294728
1429522246.7	0.21981436369046498	-9.683420525906062	-1.530297525590391	10.028481225109491
1429522246.72	0.13673522834907265	-9.69649758759496	-1.4970361543348798	9.888300473747988
1429522246.74	-0.008979988443127744	-9.990756582362575	-1.5530141729873614	9.90472785703416
1429522246.76	0.17854141849640534	-9.95952195806759	-1.3950214745684133	10.04537398874754
1429522246.78	-0.03053976679936088	-9.946977460879983	-1.646746376443412	9.965523656706722
1429522246.8	0.12353310124499223	-9.829813073227093	-1.310109966801918	9.837840099295239
1429522246.82	-0.0478655435930089	-9.94699014348845	-1.523433909447113	10.01353442577742
1429522246.84	-0.054627075459028535	-9.704690215128696	-1.523355819441341	9.886784820935565
1429522246.86	0.26848402052796777	-9.77976019970243	-1.5579026721285747	9.766379436741545
1429522246.88	0.10258691331929974	-9.764431717950876	-1.364562374652895	9.888901281963312
1429522246.9	0.11302554120692265	-9.832292470174995	-1.5008701120514096	9.934611663504658
1429522246.92	0.14455602462505937	-9.80685204385535	-1.5863260551442318	9.915960072026412
1429522246.94	-0.01078918131493195	-9.616400640417647	-1.46997411865089	9.767442422506427
1429522246.96	0.32303021728200454	-9.760598011725712	-1.5731610361059478	9.889029120734374
1429522246.98	0.22533830086344575	-9.933952867420626	-1.3489872088981045	9.851435195495464
1429522247.0	0.04127211585790366	-9.731118387281933	-1.443024492219631	9.890882956375584
1429522247.02	0.31758353775444936	-9.886658738217873	-1.5354312041781073	9.977576268383675
1429522247.04	0.25874796275519746	-9.745268057610488	-1.8639969856908731	10.060731875894518
1429522247.06	0.18577647394513297	-9.959219448025541	-1.5843850493000902	9.917029867393014
1429522247.08	-0.016991797480602817	-9.619559776212158	-1.609480658514764	9.916848624972532
1429522247.1	-0.0304588469787318	-9.833798991493818	-1.2926810594107703	10.01985523064329
1429522247.12	0.05515008736870314	-9.909955878688	-1.6347145108679269	9.708760630198562
1429522247.14	0.016342164843175147	-9.66845816313807	-1.6409174422160187	9.810701348794954
1429522247.16	0.0543014849097147	-9.731043909453856	-1.559264999796745	9.944260781499908
1429522247.18	0.4803066975116439	-9.841658303785644	-1.5903466896776517	10.093793182089334
1429522247.2	0.07209929411985679	-9.661847023353953	-1.5628466504345873	9.99683885794606
1429522247.22	0.34298607919499	-9.593447322598758	-1.6038381378482325	9.811896885012434
1429522247.24	-0.010788455073272668	-9.853404450433043	-1.527367561432485	9.940225679809782
1429522247.26	-0.01487700102578457	-9.930262421378039	-1.532358436746357	9.854744373439162
1429522247.28	0.0884343446736995	-9.804774226325403	-1.309261239658429	9.828262555532755
1429522247.3	0.30602215107346187	-9.635996437199955	-1.6063018028294291	9.740644506198185
1429522247.32	0.08672596121498868	-9.785663280504947	-1.6191277203420607	9.727011458211232
1429522247.34	-0.16607083500514674	-9.566282898236073	-1.4844787327442277	9.926822831583827
1429522247.36	0.08070985740376559	-9.794852092218997	-1.482559948543412	9.869109332481921
1429522247.38	0.1550216182260634	-9.800440890811528	-1.5200425063826986	10.096185786473855
1429522247.4	0.2590619032307505	-9.844365377105838	-1.33409712691743	9.675767315733632
1429522247.42	0.1425188011446233	-9.969760966468877	-1.4289610355422417	9.916110735038641
1429522247.44	-9.064650026057927e-05	-9.742436192764822	-1.5291977337016465	9.89354366490556
1429522247.46	0.1629001662312372	-9.722160189571714	-1.5191889696062326	9.834417594910667
1429522247.48	0.08584907783890919	-9.846923841302248	-1.516116564847814	9.966062550574613
1429522247.5	0.029429698298966654	-9.856432903028075	-1.654839901709694	10.021650881516104
1429522247.52	0.03333584771639459	-9.91510666298485	-1.6151909951782915	9.987084910834836
1429522247.54	0.19465283279500034	-9.631342545158084	-1.6994061767577278	9.738915797885037
1429522247.56	-0.015415676591478557	-9.735400180792613	-1.622771126263327	9.901092603136634
1429522247.58	0.03915870483279403	-9.844361084262426	-1.2160210447434376	9.920476311824578
1429522247.6	0.04328420199946274	-9.779793504715267	-1.4814007000955245	9.860157872076348
1429522247.62	0.06368652609442715	-9.584635057858419	-1.623359849670739	9.877824458885724
1429522247.64	0.03608895089018822	-9.877218125335819	-1.4510547760958639	9.89104646529415
1429522247.66	-0.08046841734008028	-9.751048684008428	-1.7562233390483004	9.735834002465378
1429522247.68	-0.025620711929354712	-10.173416868114893	-1.4953912322982768	10.64935795572896
1429522247.7	0.2424583927686597	-9.465834753488796	-1.7331238838541885	9.610572023478205
1429522247.72	0.04224278541711011	-9.802566259113009	-1.6360280332291166	10.033239407206858
1429522247.74	0.22802288206291935	-9.673018603842573	-1.5977795496832108	9.779588869144796
1429522247.76	0.1787606344870005	-9.78812790377504	-1.4419231861392425	10.104828749094672
1429522247.78	0.10524867485886162	-9.822661872783629	-1.5465904306267362	9.978898707285852
1429522247.8	0.005552028720830451	-9.686277926234364	-1.711647499445525	9.662969924739935
1429522247.82	0.14090729179910944	-9.912717694982403	-1.3158712114817954	10.091309437940195
1429522247.84	-0.025596870617880463	-9.634658808524122	-1.6584275520720344	9.751483556013763
1429522247.86	0.06641313809925178	-9.91049433930406	-1.5936715263027545	10.044170090547837
1429522247.88	0.026850566120893093	-9.831979465813939	-1.3912040626522681	9.913429454127261
1429522247.9	0.18865416165074103	-9.931341058383994	-1.2859630425503885	9.948847601152275
1429522247.92	0.01925181388001207	-9.864465428289952	-1.6430255193095102	9.87299635472501
1429522247.94	-0.011310965450664654	-9.585296151697019	-1.5810832598095805	9.672227362295732
1429522247.96	0.24141551354110996	-9.646986489487832	-1.627017465052892	9.719507310428755
1429522247.98	0.14114238093588136	-9.691747759982418	-1.6726977613057823	9.874169639843162
1429522248.0	0.2856205963024021	-9.684293502982564	-1.7103665133645698	9.87000097816925
1429522248.02	0.13211376742875386	-9.78663241201836	-1.4571347157380528	9.929790000687012
1429522248.04	-0.14237396022209312	-9.766264635836826	-1.4504738147077356	9.699038541825255
1429522248.06	0.045402743315660604	-9.688158000218017	-1.7533641753285971	9.784683777996664
1429522248.08	0.09517771728635299	-9.829631256996391	-1.6618125208649035	9.832162852054546
1429522248.1	0.10483604419349728	-9.952650758570927	-1.432973171290962	10.063490037587526
1429522248.12	-0.09334774464042062	-9.524709052063681	-1.4460884740491842	9.770138954052927
1429522248.14	0.250351484858688	-9.852183305692636	-1.4575701392762395	9.831968833758047
1429522248.16	-0.014823899626553581	-9.748178540823458	-1.5187247053275792	9.944053672059306
1429522248.18	0.06527487470514717	-9.71809620433873	-1.4734049484530054	9.894550426347728
1429522248.2	0.06748745937230037	-9.59067865111559	-1.687092801414196	10.00611688174113
1429522248.22	-0.0022501631969564645	-9.753883170928372	-1.4299208302244808	9.81644712951839
1429522248.24	0.15003611109965523	-9.777356193059695	-1.5015925523692026	9.775686034453388
1429522248.26	0.2982876433146762	-9.929505228953804	-1.5191108383085339	10.04713537828642
1429522248.28	-0.15064089014389567	-9.891444880331958	-1.3853914178482882	10.005023210114327
1429522248.3	-0.1672685929300003	-9.644396599285654	-1.3904499392484577	9.802934115806524
1429522248.32	0.28221315772094396	-9.747356668918627	-1.507928714558636	9.832141809791173
1429522248.34	0.0790823715047161	-9.587345024206876	-1.4703051628110662	9.85810356628076
1429522248.36	0.12599418928617953	-9.781272179812253	-1.6838822533871756	10.002497361805567
1429522248.38	0.10385991826568729	-9.84588420114788	-1.4782000422420505	10.091441546617276
1429522248.4	0.08279671343463382	-9.671976358751202	-1.5785644651111221	9.763029675253126
1429522248.42	0.08275735132522181	-9.701137970075083	-1.5742838975641464	9.619346162833159
1429522248.44	0.02151083766024313	-9.968853143469577	-1.6209117880025308	9.907342062462353
1429522248.46	-0.04963712064851197	-9.70817875254301	-1.4804674103289965	9.74154177073903
1429522248.48	-0.05162464386872162	-9.814177554920933	-1.5428406333199665	9.84398078283961
1429522248.5	0.18031316468665975	-9.885689453717577	-1.5886717303997904	9.94325111647796
1429522248.52	0.08959966057649685	-9.926655608048913	-1.4818853042954103	9.964187231557744
1429522248.54	0.03822784833365159	-9.776947557089391	-1.6189966188170222	9.892759728847027
1429522248.56	0.02096655151932183	-9.870580922118647	-1.4464952693575628	9.725296391142686
1429522248.58	0.21682476710378593	-9.642708132548861	-1.5484033947026727	9.784500845343365
1429522248.6	0.040219265162900295	-9.693416393936614	-1.4641170627939295	9.916008904659416
1429522248.62	0.16590822133055044	-9.85778053220203	-1.2526480370102169	9.817790895854268
1429522248.64	0.10779846638548324	-9.85486901340805	-1.4176461713171131	9.759424930472921
1429522248.66	0.06179746058273457	-9.979622170795999	-1.5861441814446198	10.136507079670823
1429522248.68	-0.04160120963321616	-9.551102730084468	-1.4592322019647885	9.717698708842569
1429522248.7	-0.08927266817554935	-9.835617281592311	-1.5330667079262421	9.655350175319176
1429522248.72	0.11732536064717328	-9.895404864444206	-1.4953538326705913	10.052521335219948
1429522248.74	0.08549254962563663	-9.704528549358908	-1.4888343755197209	9.865461271686142
1429522248.76	0.0724591518341128	-10.096032087616019	-1.373936972522411	10.302723017487127
1429522248.78	0.20505431244818473	-9.827486555941928	-1.4154626321595751	10.10821548187109
1429522248.8	-0.008560669936853074	-9.756749866743306	-1.7615090938265927	9.85812051790831
1429522248.82	0.2713073923588151	-9.704221971309245	-1.733897200581166	9.982675704794367
1429522248.84	0.19501392796323264	-9.882504143931792	-1.3816470955141276	9.885266468989153
1429522248.86	0.03029845133191298	-9.8554369961749	-1.3723521074168232	9.630105650663214
1429522248.88	0.15541815033337336	-9.835877063896374	-1.6027026592541382	9.738629349052587
1429522248.9	0.07590688384230766	-9.966674394822657	-1.2592520340721447	9.99267879906898
1429522248.92	0.19948922062424185	-9.775834243997922	-1.5930356547697007	10.101453300779168
1429522248.94	0.19791918833883643	-9.777101462052233	-1.6598219976409023	9.933490714593558
1429522248.96	0.17539752725572388	-9.753636773057172	-1.4871928617632515	9.996816913137657
1429522248.98	0.08212236194980393	-9.650777264884708	-1.4755453996293892	9.90374921978117
1429522249.0	0.20657209206413565	-9.816774555006736	-1.3609352547172533	9.741672777075257
1429522249.02	0.21851250423807175	-9.89315927793503	-1.3778563488104454	9.934998862727339
1429522249.04	0.05500135264596315	-9.96213576524887	-1.5830807054106486	9.954501165425249
1429522249.06	0.01807787650448598	-9.665625676692637	-1.6911058470059634	9.79802768223818
1429522249.08	-0.20086923794148767	-9.603551971093612	-1.2562052008634825	9.739152334369464
1429522249.1	0.06425921249174796	-9.655365186740264	-1.2334250539531673	9.843690093928945
1429522249.12	0.18676050628516466	-9.88984906402265	-1.4800279292046483	10.07489884669352
1429522249.14	0.07442425758202043	-9.812845161044159	-1.4543408099461157	10.052847396775997
1429522249.16	0.02861570652333969	-9.842573765274466	-1.4852806149733777	9.908604773392085
1429522249.18	0.18325378605293338	-9.849500863411524	-1.4569672248776744	9.975703660448866
1429522249.2	0.234552891865181	-9.987034780485251	-1.4981667804305212	9.966333152523838
1429522249.22	0.2493131513561036	-9.964970348787103	-1.4908400513671556	9.81449893224215
1429522249.24	-0.06117367005332808	-9.594962665379361	-1.441701277113428	9.899831098921943
1429522249.26	0.06439935589136526	-9.74302258383397	-1.4479102684986989	9.810091061227997
1429522249.28	-0.40878680337373086	-9.569780742310625	-1.3897623447932452	9.91643076389343
1429522249.3	0.23374010830181596	-9.402137854325677	-1.302870270719355	9.412743143810518
1429522249.32	-0.18081264033254377	-9.55726506422688	-1.6590902083033967	9.77362983111402
1429522249.34	-0.14924369187000044	-9.905858591640069	-2.0846784436291492	10.357699993473634
1429522249.36	-0.4713453445342769	-10.302190798482664	-2.3670999755385838	10.646827614884227
1429522249.38	0.002604632304273581	-10.192906755198363	-1.838551763471671	10.4459234917897
1429522249.4	-0.2784774519937371	-9.338770441225911	-1.6408015899248505	9.351522147383386
1429522249.42	-0.652607022171068	-8.927249871534363	-1.0786490580853838	9.034063669887901
1429522249.44	-0.14415364269696432	-10.363264530908705	-0.10753796302864442	10.383649202527122
1429522249.46	0.003075600052298094	-9.222899871513063	-0.8432221485104562	9.298634549706334
1429522249.48	1.3526864426718275	-11.069700214046021	-1.8575155812984456	11.378028996912397
1429522249.5	2.0071944335649516	-9.65508827095973	-1.435321515317775	10.061411418685566
1429522249.52	0.5788331219395602	-9.375352642462744	-2.3479371505021613	9.823290317718213
1429522249.54	-0.04457774059995866	-9.620222285264742	-1.6917385084209164	9.75409042115587
1429522249.56	-0.33552402342107523	-10.032255557631013	-1.0234000804841246	10.044458208633916
1429522249.58	-0.2655632066137779	-10.060117030528833	-1.331184131251038	10.075936405569667
1429522249.6	-0.019429829606567903	-9.950560381782292	-1.5611607742928457	10.047056441625033
1429522249.62	0.28426793448305476	-9.742828639113586	-1.8634898023029507	9.937788393051486
1429522249.64	0.5675571225067189	-9.64387765995516	-1.9232672213426003	9.813960789897894
1429522249.66	0.12221372332221314	-9.777103072132817	-1.5962950679833523	9.991845464989908
1429522249.68	-0.1699947213469451	-9.888177961916785	-1.2455867738957558	10.273140708871255
1429522249.7	-0.08516519298715042	-9.878470367680983	-1.656687708460456	9.911664908155414
1429522249.72	0.2993635225071353	-9.779382622636826	-1.5194307146005137	9.96308430153736
1429522249.74	0.3892627472485407	-9.669200995283154	-1.830368571242924	9.831745785129495
1429522249.76	0.22983911568365795	-9.840889391428343	-1.6399870447695888	9.941967345581267
1429522249.78	0.015006905439532175	-10.020420966621993	-1.6200906340689132	9.895136089569204
1429522249.8	-0.06262993693286395	-9.825535300655647	-1.2103986920858887	9.91030798606346
1429522249.82	0.003416258656262397	-9.864099368109772	-1.7829190828491002	9.84928491724036
1429522249.84	0.3094397769118884	-9.80964826505144	-1.889947577815086	9.949113498977558
1429522249.86	-0.6252014514079312	-10.995595257779266	-2.4123345236898324	11.311338780196488
1429522249.88	0.2719340000933568	-9.520842045674755	-1.5916853287574364	9.679378039254004
1429522249.9	0.2884120329227212	-9.978449980855608	-1.4455533512961536	9.795757173960109
1429522249.92	0.0077281748446900176	-9.863819706534942	-1.435281774210961	10.09201434390876
1429522249.94	0.19761417694518457	-9.872600402425778	-1.539963200415818	10.015219516407265
1429522249.96	0.10967723525780808	-9.986134659147659	-1.39927224353544	10.122533776546955
1429522249.98	0.20161413214985469	-9.625949630161688	-1.7043003506798482	9.979505231343007
1429522250.0	0.09738534797225373	-9.619036021632	-1.6156867207667938	9.765883202278838
1429522250.02	0.2461017252359263	-9.872799314776534	-1.5066802524454486	9.84840573488108
1429522250.04	0.10101132050047135	-9.747298126733062	-1.8160780377732637	9.863101868907153
1429522250.06	-0.04083832777735516	-9.44929034480992	-1.5117483309788133	9.763085476838098
1429522250.08	0.4158761523102937	-10.040078886672632	-1.334297711297849	9.964252375747398
1429522250.1	0.3176117440351778	-9.93967714428081	-1.6100658198604338	9.982650892802207
1429522250.12	-0.04699582277570341	-9.514142182476588	-1.70441621013165	9.715956020595168
1429522250.14	0.16830252022260173	-9.969831464073758	-1.4705591334927015	9.969970917118559
1429522250.16	0.2796039566789241	-9.537226906435524	-1.6486218307695113	9.713977286489078
1429522250.18	0.09015475445663867	-9.81098088508711	-1.4245572653838017	10.02077192492937
1429522250.2	0.43595160065755795	-9.995809929286066	-1.4643345239002845	9.96386373602713
1429522250.22	0.058098634734932625	-9.596842413569671	-1.6716195435825163	9.775500998108885
1429522250.24	0.24449361944849646	-9.690840492093757	-1.7733679019062007	10.011477719890784
1429522250.26	0.13999017726962912	-9.563381513668164	-2.3136509597441255	9.94890472350264
1429522250.28	0.004917811563441413	-9.532747423796478	-1.8370714676672204	9.891422235503644
1429522250.3	-0.26474683625627643	-8.90533989245206	-0.9773130841068302	9.155980372423441
1429522250.32	-0.021857984921918053	-9.788321293910451	-1.551335212458841	9.872971239948347
1429522250.34	0.10910360934236292	-9.880912884292513	-1.5535424103701703	9.908750296173856
1429522250.36	0.15464098994644654	-9.916505000000644	-1.5218766361863305	9.923576603014574
1429522250.38	0.40720783111866854	-10.098967414201269	-1.4739632960171556	10.257399488772021
1429522250.4	0.15427236984301346	-9.690443554944526	-1.528112474913962	10.23121838406348
1429522250.42	0.3769035375372971	-9.797716166456476	-1.4618742330317689	9.794105919965382
1429522250.44	-0.017010016574937017	-9.856561912510063	-1.532867830264907	10.088527888903148
1429522250.46	0.07449685816890907	-9.928129790451166	-1.7414676499112305	10.028689287335387
1429522250.48	0.21017722312276282	-9.781228326808897	-1.7940197684222567	9.843201430815807
1429522250.5	0.11031985305969336	-9.711098419801703	-1.4708159816098256	9.94045760130281
1429522250.52	0.16112217424074074	-9.742848282752387	-1.2925229784293957	9.862307675133422
1429522250.54	0.17365444056517942	-9.797336205630854	-1.625508399825117	9.98867576541188
1429522250.56	0.23010062877054732	-10.008586740395156	-1.616579299163767	9.886122952823518
1429522250.58	0.17955771550910657	-9.932614944121655	-1.5133731315587893	10.167882290797731
1429522250.6	0.06803775916925447	-9.560293048943795	-1.5452053919468385	10.040690422017812
1429522250.62	0.1062995639542651	-9.970917876735834	-1.4666503460796934	9.873575552696732
1429522250.64	0.15777179114121984	-9.800465577256825	-1.7744459179574692	9.78455738327099
1429522250.66	0.08480128523572318	-9.961062423925567	-1.7000650002659492	10.02774069600998
1429522250.68	-0.029090248946630547	-9.521917428117545	-1.8364123202733094	9.66680695157486
1429522250.7	0.26858387410086715	-9.607657427043314	-1.6041064459641805	9.815899856097452
1429522250.72	0.07961605221425572	-9.542745718144301	-1.516479437042646	9.77647009574333
1429522250.74	0.09704572878887321	-9.787655600748067	-1.4578748855511212	9.999774457460791
1429522250.76	0.24213898566290154	-9.984540281961769	-1.7529037688463656	10.0160053211319
1429522250.78	-0.030873999904222973	-9.502470000784632	-1.3960334150518268	9.686595962466537
1429522250.8	0.07641702674176584	-9.588428656077499	-1.2676050018275156	9.750182800525995
1429522250.82	0.30810357597415894	-9.968918599539	-1.5107203276506131	9.97438570110112
1429522250.84	0.23603466911870047	-9.785314634531558	-1.4467817580839706	10.016464413324528
1429522250.86	0.025463503242243224	-9.71974983145702	-1.4275715717865896	9.8185288994007
1429522250.88	0.15510863842097253	-9.914377386498177	-1.4607348930195843	10.17614156229805
1429522250.9	-0.05815076256666388	-9.634603749663004	-1.666068556977379	10.030765485843697
1429522250.92	0.03980335807663797	-9.499341355780816	-1.5502526527637053	9.697023847340036
1429522250.94	0.10554598597158404	-9.76452474178027	-1.6675895498457654	9.763381622474753
1429522250.96	0.2184086895011189	-9.89329953723354	-1.7474773056945667	9.96957584374056
1429522250.98	0.10456623287507855	-9.60850592467042	-1.646422712631331	9.737189865551125
1429522251.0	0.31495852429233284	-9.626557121721865	-1.5417246695880256	10.019623755765876
1429522251.02	0.08465844376685734	-9.667608047421973	-1.430504321774273	9.852159241257054
1429522251.04	0.20512483305088125	-9.906958501777265	-1.3886760664357978	9.975564186391985
1429522251.06	0.14540366693327117	-9.793317030151776	-1.3969643156640599	10.000500789141702
1429522251.08	0.17239606253850603	-9.789311198276515	-1.6710779139957805	9.898504978482647
1429522251.1	0.2935720703508994	-9.596077699066276	-1.7890397779520508	9.853777069155784
1429522251.12	0.11828100679646088	-9.606619515258034	-1.5772292192942572	9.84365846114458
1429522251.14	0.2986399613828506	-9.805780074510201	-1.5882109118387047	9.889561443781423
1429522251.16	0.04169858533759262	-9.7581642451024	-1.5767882532472126	9.958507661262344
1429522251.18	-0.007927063739675652	-9.728737586214162	-1.5225801508910581	9.797122562614716
1429522251.2	-0.03316126544706681	-9.575507811626728	-1.649272288063638	9.958388875838162
1429522251.22	0.14915174120897898	-9.679015861643018	-1.6134863702394526	9.913143432564382
1429522251.24	0.2686466313862729	-9.800280044130973	-1.5819668318600826	10.029689061866465
1429522251.26	0.15194429571159312	-9.712324411329895	-1.4470057633410083	9.797997890280552
1429522251.28	0.004921954869231096	-9.828149140474912	-1.549263571201681	9.84547931002428
1429522251.3	0.1892349978914972	-9.845152508619524	-1.643824706912339	9.982329518995405
1429522251.32	0.3543777779475953	-9.738893842005856	-1.635725654011547	9.995887921621959
1429522251.34	0.15195115155818162	-9.938299973941733	-1.4310194429320957	9.8247961415087
1429522251.36	0.06299693899898612	-9.65176865326359	-1.6667341825892614	9.917451775810664
1429522251.38	-0.01821262367519559	-9.751555349060368	-1.5394697480742157	10.031502038114265
1429522251.4	0.30722591421471346	-9.66304148158119	-1.3759272259804682	9.734956034837877
1429522251.42	0.1755430475214916	-9.933072896429215	-1.5427068709721476	9.664256787733093
1429522251.44	0.050983926998575124	-9.700703920996286	-1.5493140576017694	9.704445186953853
1429522251.46	0.06966944289556373	-9.77911678666377	-1.4443650969445498	9.72930210574563
1429522251.48	0.3415558850081105	-9.776014213033134	-1.6040179969261485	9.873807062353672
1429522251.5	-0.052844002033587995	-9.746339011306691	-1.7988157421282975	10.049620547179767
1429522251.52	0.17607544332538524	-9.815352537509177	-1.5513356875188893	9.88167181863789
1429522251.54	0.3165029139531932	-9.880868608417293	-1.6699089793690405	9.95348624210811
1429522251.56	0.2822863292326126	-9.698225278654395	-1.3971032696943841	9.946676738331057
1429522251.58	0.10894612047903376	-9.966591197446084	-1.510628236575017	9.827921311016544
1429522251.6	1.0857758568880207	-10.372209953582463	-2.145325854206441	10.771729476357036
1429522251.62	0.04953422016592779	-8.85254360578388	-1.7982514901584765	9.204973218361154
1429522251.64	0.12569643526274615	-13.31177053950091	-2.4725477857992146	13.443995286791322
1429522251.66	0.4061979491106047	-9.627470582961239	-1.4941952647055496	9.624375640860311
1429522251.68	0.22834612169874363	-9.762017156434924	-1.4478183422168613	9.811742045553865
1429522251.7	0.32684554747369066	-9.949510602421002	-1.59551841720243	10.240436178269103
1429522251.72	0.027193900075606913	-9.730798126110926	-1.3522400863787938	9.900312980840374
1429522251.74	0.2485889721495742	-9.661940850803589	-1.4697418239739342	9.830090214985791
1429522251.76	0.12828917390727174	-9.680486352282701	-1.6498213916768827	9.743630877558758
1429522251.78	0.02211759956211795	-10.006699043205364	-1.5350677564961288	9.897654298296532
1429522251.8	0.09872651912486298	-9.710451895234643	-1.2835671573575023	9.909207977035598
1429522251.82	0.12276615145713576	-9.710592443883282	-1.7104255906286518	9.995276117505218
1429522251.84	0.11775382919511931	-9.819765758896654	-1.452923194709668	9.834362383384054
1429522251.86	0.042057507014570845	-9.830454464847433	-1.5556037302004286	9.986707480347773
1429522251.88	0.13357601570675254	-10.001568555493083	-1.520008570035944	9.934392390574672
1429522251.9	0.12521005647039518	-9.691523836423292	-1.7065371051338858	9.865922329544901
1429522251.92	0.24708842642678686	-9.977461390577284	-1.6646457842431	9.89713855643441
1429522251.94	0.3050792573666282	-9.71218590880705	-1.3046262112929274	9.730679692906868
1429522251.96	0.1108814131854603	-9.810476959537725	-1.6118883802922792	9.847867419772061
1429522251.98	0.2718638777318092	-9.888044612156339	-1.6358582688478882	9.938494531870097
1429522252.0	0.1655599790417404	-9.732677132018683	-1.5874540687101737	10.06208179092098
1429522252.02	0.2493831463337086	-9.61104339839183	-1.572598980825667	9.851849465893014
1429522252.04	0.17227513779967218	-9.819323678899135	-1.5549743671899199	9.985490268534749
1429522252.06	-0.09720668020152382	-9.738341589098594	-1.3378533197894185	9.638976083260424
1429522252.08	0.07232869062740026	-9.737759709136393	-1.5195196654098209	9.758353681391121
1429522252.1	0.28643926301556355	-9.709690523713096	-1.452161502147372	10.008258329871373
1429522252.12	0.08771790489830225	-9.975299799780391	-1.6503895644672197	10.039506309427912
1429522252.14	0.3957792988122397	-9.709988852264846	-1.6013416788068884	10.032644202443747
1429522252.16	0.3202290715803005	-10.11512880854873	-1.597743174327909	10.527067127577634
1429522252.18	0.1751478176721775	-9.680584626804396	-1.4911239284485314	9.998558888138119
1429522252.2	0.31864272314786185	-9.61583444694209	-1.7221092731395242	9.9276419361417
1429522252.22	0.017993288174106087	-9.679868331472674	-1.4102124433278853	9.950544078070664
1429522252.24	-0.1200023643700242	-9.833275501118683	-1.7800896311292176	10.016175099483169
1429522252.26	-0.05229789225288099	-10.030983603003797	-1.2707314824459999	10.010578710063635
1429522252.28	0.12518005498574233	-9.967115722050503	-1.357906257946087	10.002356790657167
1429522252.3	0.1159426821925289	-9.839207725221502	-1.8800772815715652	9.881147447691948
1429522252.32	0.026360648253961144	-9.818617964347794	-1.4455470534605608	9.938400158631747
1429522252.34	0.2169061462302319	-9.740713648514692	-1.4827921288053816	9.759311826597683
1429522252.36	-0.02264371412282029	-9.968450049722906	-1.545862458075597	9.814647970042646
1429522252.38	0.03276479123454054	-9.708935177722777	-1.6498416537102503	9.944938173387131
1429522252.4	0.12711998085730888	-9.659247751433233	-1.5817720642108253	9.958616655233344
1429522252.42	-0.02297990373446389	-9.694845586896065	-1.5484119650324086	9.914073108201404
1429522252.44	0.10944384357647177	-9.5109302010437	-1.4253364733337237	9.765883371658562
1429522252.46	0.1818030008840243	-9.860317850919003	-1.459141801905581	9.84959293723856
1429522252.48	-0.1302054739201883	-9.48917055536243	-1.4455968411437072	9.836960402678038
1429522252.5	-0.07184346978112371	-9.580594359243108	-1.216558712874938	9.753753942011013
1429522252.52	0.20337283460226308	-9.885781354824767	-1.2349477583754302	9.915915220769698
1429522252.54	0.1035439234755262	-9.636528214022027	-1.493023275861095	9.861515771227916
1429522252.56	0.03341699264993904	-9.742407480472089	-1.5009191283354104	9.9301706266049
1429522252.58	0.046706649446924806	-9.609065796297823	-1.4465279083197227	10.016260366955997
1429522252.6	0.08464549270177221	-9.769487668295339	-1.514397510632976	9.876263639823941
1429522252.62	0.09899608771384809	-9.933687748313499	-1.5532801105810594	9.966878637658544
1429522252.64	0.3150961561917761	-9.853181198137587	-1.5968843695715862	9.84221390229435
1429522252.66	0.04899456397002416	-9.711158949259046	-1.447708491693371	9.906803967106532
1429522252.68	0.17356102205079874	-9.828700867954902	-1.5664660734284082	10.0169997095399
1429522252.7	-0.17602817400304838	-9.748689866971915	-1.7355282811710286	9.820941981242825
1429522252.72	0.046485626706059116	-9.724477473994396	-1.4741861023762093	9.915424009116022
1429522252.74	0.04465790550084445	-9.772752390570847	-1.6507419021058118	10.004181361092511
1429522252.76	0.02689948698374947	-9.882163036061934	-1.5184431677106458	9.862745582346012
1429522252.78	0.28952625459224957	-9.887050971697063	-1.6227521489950913	9.843036682231533
1429522252.8	0.044372846918224455	-9.772165096653811	-1.5894437062200264	9.999983102498017
1429522252.82	0.11527053955377964	-10.025574944959656	-1.5285747635568487	9.73255295621392
1429522252.84	-0.0745734135826521	-9.583090353385034	-1.5124258695184485	10.06352316805385
1429522252.86	0.3189997182568446	-9.666160252838225	-1.5996513950151323	10.014775679441223
1429522252.88	0.0868310987603099	-9.764196096785575	-1.6516829177164867	9.893298417588673
1429522252.9	0.03287507706114844	-9.95720654676819	-1.4935504093194873	9.73141113049726
1429522252.92	0.13385853017624966	-9.796818783686987	-1.3222209550233344	9.699606847705917
1429522252.94	0.13952615992748024	-9.840281067048604	-1.5914107305364489	9.697218451039568
1429522252.96	0.16283449018964863	-9.995410049742908	-1.633276795743054	10.449061557366177
1429522252.98	0.09842260369878567	-9.78739695417483	-1.2884923798757435	9.849247699563502
1429522253.0	0.05007984746537582	-9.72939364446284	-1.5114767158226168	9.96448398150364
1429522253.02	0.31239792129486477	-9.890532405274747	-1.3809137946847054	10.055711212963995
1429522253.04	0.18879218312039153	-8.646609558818295	-1.4899292867098446	8.75165353657147
1429522253.06	0.17518650350215198	-9.703458990340117	-1.7406547819077542	9.699229177879802
1429522253.08	0.09280627970322188	-9.790703903028545	-1.2105801968565024	10.020287568244143
1429522253.1	0.19816607318661736	-9.814735274300604	-1.3331649386672324	9.764071300520222
1429522253.12	0.09768864097377004	-9.9788754003646	-1.6648824281959214	9.936625656606552
1429522253.14	0.19205158880493978	-9.661902896020706	-1.4185112126384345	9.811272524310034
1429522253.16	0.19748421408834593	-9.722634227546308	-1.347211573085643	9.860283326229844
1429522253.18	0.12479458154986076	-9.762412966689526	-1.5987976330847646	9.981991018935066
1429522253.2	0.2806898827158738	-9.636584981747616	-1.5408105336104356	9.731190840434603
1429522253.22	0.24195767083103575	-9.831171724593172	-1.380880863413407	10.033501245586026
1429522253.24	0.1597992533978377	-9.65494529694533	-1.5154797810284182	9.63548154370692
1429522253.26	0.0814409328590818	-9.598485190548136	-1.2993924036163342	9.69407586656554
1429522253.28	0.21801010602679166	-9.914209263148017	-1.7558297152487639	9.980325686569044
1429522253.3	0.22029487896092975	-9.689691336308101	-1.6115281713669714	9.919159936037559
1429522253.32	0.11807428563843345	-9.92140717112673	-1.5938373492273692	9.857762724204207
1429522253.34	0.2035444843138433	-9.691413860984081	-1.497414051201448	9.9493140128647
1429522253.36	-0.17907683408245437	-9.685246488319256	-1.5628312826419366	9.845428406063474
1429522253.38	0.1012419328185471	-9.854379677229439	-1.3905459493285075	9.867533882868132
1429522253.4	0.1401321246383829	-9.606045925525384	-1.43612934012795	9.923746700879178
1429522253.42	-0.40900237829038144	-8.271709253612908	1.4619754630946837	8.473075600417026
1429522253.44	0.11814812854143189	-9.99617840870012	-1.608684033453291	10.238009753332033
1429522253.46	0.38441850094247454	-9.764017902286682	-1.6009602466526867	9.893796500116313
1429522253.48	0.010503443175151297	-9.589540347448576	-1.6676273301016604	9.744628487656053
1429522253.5	-0.005931929143655867	-9.806807614487354	-1.6422931001460412	10.129123664141545
1429522253.52	0.1793853862640718	-9.791231910458748	-1.8213623881168821	9.625009727094906
1429522253.54	0.43528991332744854	-9.779930453631788	-1.5462869254054556	10.092331462270746
1429522253.56	0.0038076609962167107	-9.548499594611469	-1.6104565132100825	9.960875485924127
1429522253.58	-0.008677464149225655	-9.866951837959668	-1.4927708602416785	9.80000205804412
1429522253.6	0.21965987762871994	-9.911269905787199	-1.5543960365557032	9.811916224063706
1429522253.62	0.05925581290513908	-9.770119029100242	-1.4938484188875603	9.920495803719563
1429522253.64	0.13394670154321922	-9.965055069950484	-1.7566170154810656	9.98376996423579
1429522253.66	0.12373770737157923	-9.817765535088466	-1.529329887708588	10.019366886437085
1429522253.68	0.06364388608880589	-9.785616634944564	-1.56420585681764	9.888734258689293
1429522253.7	0.049828252755893934	-9.49727380354948	-1.5744770648460258	9.777494862468089
1429522253.72	0.25788796214187415	-9.808587141599922	-1.5870328311000883	9.992032416101795
1429522253.74	0.0824567527367352	-9.959856995001278	-1.6677662606864092	10.201100300187774
1429522253.76	0.09486242115286526	-10.04150293232194	-1.8358767101703264	10.125619377291008
1429522253.78	-0.017571708600169364	-9.892347873193616	-1.4853707986343527	9.850011948700153
1429522253.8	0.0734119457553702	-9.65421573026185	-1.621111845588096	9.932951344221873
1429522253.82	0.17479713567896502	-9.75169542469728	-1.3841621947377944	9.891300170575272
1429522253.84	0.13499117181107084	-9.81410273567261	-1.4605473169788237	9.929058297573217
1429522253.86	0.13740530299544573	-9.568732317805418	-1.1871528579393655	9.885265565832045
1429522253.88	-0.010548582811109014	-9.788008727604229	-1.3676261574956352	9.971499706560573
1429522253.9	0.10523655350521482	-9.724429276486202	-1.6917462978214874	10.13769105282275
1429522253.92	0.17689841338434265	-9.899297161758044	-1.6808020029598982	9.993299499724555
1429522253.94	0.3216627425242326	-9.936276591284921	-1.3996516632434564	9.862888714613007
1429522253.96	0.08813872345215744	-9.72997785071046	-1.5555872475568502	9.995765682904517
1429522253.98	0.12206119328258444	-9.781659289685113	-1.564906156681894	9.958683627439425
1429522254.0	0.043386825672989904	-10.026210906726169	-1.524144611357244	10.066703059656257
1429522254.02	0.02620254160200656	-9.656141473640103	-1.6804755411780992	9.74424664591095
1429522254.04	0.1339898266052776	-9.834248656450734	-1.556013594434219	9.946936777040172
1429522254.06	0.1935129341853824	-9.773276588236659	-1.5357224281850248	10.018112997929933
1429522254.08	0.06318927331757672	-9.8135451600113	-1.7560069080020169	9.736635771284945
1429522254.1	0.3097721928004523	-9.821980462875505	-1.7814546299733958	10.179078618087713
1429522254.12	0.09204975150222158	-9.764746810926624	-1.2990109370010763	9.969126031301393
1429522254.14	0.5970695211204989	-9.775885451722253	-0.22786081948640152	9.743451236528998
1429522254.16	0.0448049970824201	-9.854861100059258	-1.2450654660741838	9.868369902883403
1429522254.18	-0.1878926703103361	-9.88626038957654	-1.9338429779457675	10.22954358306345
1429522254.2	-0.10353910513317302	-9.796063122334253	-2.3034573072807354	9.904501634896098
1429522254.22	0.5415514046998285	-9.399351897939175	-1.837033052128462	9.652546051753447
1429522254.24	0.1298575525822636	-9.727537393266887	-1.2250501622562004	9.778976225829574
1429522254.26	-0.4422666325884593	-9.844257189263045	-2.6176124860014522	10.244467609690874
1429522254.28	-0.08808000729646595	-9.705967262026245	-1.501204303306695	9.782043911068724
1429522254.3	0.17168664218802449	-9.850161953035718	-1.7652851831092335	10.114762044480944
1429522254.32	0.27219201125454795	-9.753233662011924	-1.6001798714752513	9.858366320823242
1429522254.34	0.22618343472595365	-9.897933658434173	-1.6252159942183495	10.03177106266255
1429522254.36	0.05834236519692665	-9.900954281864777	-1.4186393254467935	10.075091312407164
1429522254.38	-0.23115688332063958	-9.743409209507359	-1.1888931598254084	9.572011151320636
1429522254.4	0.1412675296118201	-9.626958035504886	-1.4958739056144938	10.082107635531889
1429522254.42	0.20551364332402056	-9.662518326526248	-1.850154735383511	9.73431627413071
1429522254.44	0.20871612732016642	-9.740488115732955	-1.5722281377461205	9.963439129220378
1429522254.46	0.033398222596809864	-10.021873245718345	-1.6504607269042362	9.909769245818374
1429522254.48	0.00881569718470085	-9.772739283983492	-1.1516331698906923	9.951599903736918
1429522254.5	0.13829585843741898	-9.77933260403455	-1.424771941756066	9.76885327898632
1429522254.52	0.15778962629932003	-9.821527846032525	-1.4833464210443181	9.8205508771751
1429522254.54	0.4109954717592065	-9.605744298167165	-1.2990087873286893	9.858001995872769
1429522254.56	0.035684745658910055	-9.882636919991082	-1.5334225927967757	10.129007206001527
1429522254.58	-0.0040130318281513325	-9.494988466979319	-1.405390300527353	9.821425308872374
1429522254.6	0.18423284874254772	-9.793503766782603	-1.320705693255728	9.833133280354557
1429522254.62	0.20611007447612473	-9.738112613441535	-1.466695201210912	10.039732609658902
1429522254.64	0.11039327515055783	-9.82924666376511	-1.467009410642214	9.730896801606308
1429522254.66	0.04809184062389233	-9.677523817122891	-1.3521876329595017	9.786426462935687
1429522254.68	0.23223953667229988	-9.730955240985821	-1.460869871094943	9.92853340860651
1429522254.7	-0.060501043351582476	-9.691139244394225	-1.6554986132414908	9.881397597367325
1429522254.72	0.07841396924549889	-9.94315961708028	-1.4912470977670544	9.74592253947257
1429522254.74	0.1996265307854258	-9.606475222923054	-1.596883075195009	9.744914156281824
1429522254.76	0.0647019121100097	-9.775679449040252	-1.5991761922462806	9.925954291901611
1429522254.78	0.15525587489583575	-9.877567771430527	-1.6396243613200419	10.10227658333176
1429522254.8	0.18971193615146692	-9.870357258344429	-1.605177635428571	9.8012155252352
1429522254.82	-0.012552361141438567	-9.774107855964843	-1.5232593949644895	10.009953474029253
1429522254.84	-0.11562849510454021	-9.982337127273485	-1.3792698339530962	9.78860918486757
1429522254.86	0.14529138479323242	-9.780181347396624	-1.70690905068864	9.938839299618058
1429522254.88	0.336593206234275	-9.761583589051	-1.6112526383140753	10.113486273335496
1429522254.9	0.1325136652281102	-9.692007618432957	-1.5684949497274152	9.820707205007627
1429522254.92	0.22465906701092642	-9.943174881146831	-1.5950646787896758	9.914043390308544
1429522254.94	0.14822850616075844	-9.791963891199455	-1.4388624256450844	9.963520628634086
1429522254.96	0.06195066180311618	-9.743644879853868	-1.8080772590003904	9.919450069196346
1429522254.98	-0.10006076990181142	-9.820291830148948	-1.5034733020646103	10.000524427083224
1429522255.0	0.15792349766423633	-9.807352406891994	-1.5975312226834906	9.814503746991438
1429522255.02	0.15599768371133288	-9.582906107661557	-1.5625555942581855	9.86609096603969
1429522255.04	0.16489823461921765	-9.763333036227573	-1.6072930055343662	9.844193754625541
1429522255.06	0.06464627837407631	-9.92469761399733	-1.425301012942915	9.970917587594545
1429522255.08	-0.018898655309373957	-9.738283849816561	-1.3530109128582117	9.809545592717932
1429522255.1	0.03161257328684275	-9.71891675559569	-1.6555767062380018	9.831917546361279
1429522255.12	0.045562478322535196	-9.953165566956969	-1.2329733270519074	9.818291019175016
1429522255.14	-0.013939306206712604	-9.787123066175132	-1.5620453005794037	9.814214233745313
1429522255.16	0.15039196953350042	-9.583952774243937	-1.6059017519746388	9.688544191000565
1429522255.18	0.1708131827157779	-9.863189283754505	-1.5908549051294023	9.773719337784534
1429522255.2	-0.021530605987207102	-9.959224141410974	-1.6171401751262786	9.87493221946127
1429522255.22	-0.11737163635895176	-9.886348702857008	-1.1660320371130408	9.874290780125174
1429522255.24	-0.1044347681630649	-9.655047543980281	-1.3108732513407548	9.874934043292978
1429522255.26	0.06118049808496612	-9.710449828045672	-1.3654794575689282	9.768483692830173
1429522255.28	0.21608932945460957	-9.659270098442104	-1.4330520318729199	9.92624835757202
1429522255.3	0.19445000987342942	-9.906931247472794	-1.426839098975586	9.986981987212285
1429522255.32	0.13190925261014494	-9.773457819737441	-1.688854901087326	10.00150642600534
1429522255.34	-0.006933331925597308	-9.83929436024623	-1.4886405041542479	10.090082182490251
1429522255.36	0.059004798396345204	-10.017260930815311	-1.4820009268437617	9.999631969451654
1429522255.38	-0.07118176795535149	-9.526511607775953	-1.7234168368004892	10.034402384790798
1429522255.4	-0.10077190969251518	-9.56420647746077	-1.528754017080057	9.945117395621415
1429522255.42	0.07435264242289229	-9.766474464106018	-1.3231304490410232	9.731063532640134
1429522255.44	0.13519617445065976	-9.740852427419684	-1.482188114581696	9.815881165743106
1429522255.46	0.18023414665524018	-10.02205144435062	-1.3838099065794875	9.882521989738317
1429522255.48	0.06114822717581816	-9.76425948364398	-1.284463618246598	9.903493864711983
1429522255.5	0.12916324472840876	-9.826712099113678	-1.5022586838324212	10.085043848411345
1429522255.52	0.1731527952557692	-9.749780300609192	-1.4339869379762296	9.897166262644761
1429522255.54	0.054236205299630295	-9.775526428874727	-1.4757110896917838	9.85110619285162
1429522255.56	0.16213290270395206	-9.50513650033552	-1.493482866016365	9.779758786081642
1429522255.58	0.18369514993145594	-9.725266858598365	-1.5689155875921281	9.944248015219985
1429522255.6	0.16081046863577958	-10.007450550194271	-1.4514333057781315	10.160129401917139
1429522255.62	0.32625981628862777	-9.751762560746148	-1.1882702490305794	10.135342119743262
1429522255.64	-0.016875378570513935	-9.754990469015265	-1.2818252260918572	10.040697069106555
1429522255.66	-0.033420789720673694	-9.596030847321677	-1.7678287419349523	9.775714007950219
1429522255.68	0.20627950242683224	-9.75837392287068	-1.7073892649745197	10.021405927305675
1429522255.7	-0.06595486629968882	-9.824190179453169	-1.5518821011424002	9.78325901065376
1429522255.72	0.1797075284193395	-10.111876124920407	-1.4317747155257607	10.234969236145538
1429522255.74	0.0514386913905564	-9.696908464364745	-1.6309569857638118	9.87580700998455
1429522255.76	0.014875647190553148	-9.88083459891006	-1.4024960344139203	9.894270025574452
1429522255.78	0.10246143907984923	-9.575321123927464	-1.2469218756712332	9.800952309703318
1429522255.8	0.04458592585129072	-9.744486097798706	-1.5773311849164025	9.883798582653544
1429522255.82	-0.03206916978553975	-9.877161296393677	-1.551747750958267	9.884067735520096
1429522255.84	0.05705968590251723	-9.65263577198255	-1.7493945685514223	10.020037855231452
1429522255.86	0.11969512510484162	-9.716312733197482	-1.5397150572060547	9.86143830373529
1429522255.88	-0.2531483899758392	-9.934222644269887	-1.6094826311633619	9.916508605487568
1429522255.9	0.018355556384554807	-9.72818174173815	-1.4822270108264728	10.067824894248186
1429522255.92	0.08349143881155521	-9.936283023856815	-1.9091904464724696	10.07407529949368
1429522255.94	0.0474980726995972	-9.841365952294753	-1.5537515305884948	9.808425625953149
1429522255.96	0.08946240815718853	-9.85026066528934	-1.5397608224317603	9.831294826729591
1429522255.98	0.1024149844100488	-9.900743874069597	-1.5079887484596828	10.143925559164868
1429522256.0	0.2112905032414831	-9.727017196992703	-1.5882134968140522	9.810327572806205
1429522256.02	0.30697467207627527	-9.713080412283903	-1.6431429875113435	10.023407410271272
1429522256.04	0.08281825656497921	-9.787948028954018	-1.7087126506486494	10.024136494260869
1429522256.06	-0.09939991488119568	-9.638710953379443	-1.3902361928575964	9.838174252726954
1429522256.08	0.05881140456492547	-9.812162001592679	-1.5485542120377194	9.872629270361035
1429522256.1	-0.08846305249518197	-10.01191511277854	-1.5790762148750626	10.004798810682166
1429522256.12	0.08938542249413159	-9.708120283498973	-1.3172063969863668	9.903203084486519
1429522256.14	0.24225486002711485	-9.63408104033335	-1.4845154360810748	9.814642205030328
1429522256.16	0.07602498078747337	-9.802614570656038	-1.6443968232987782	9.923769849066344
1429522256.18	0.11130876716477983	-9.901242300059375	-1.7088657665445706	9.974329214967097
1429522256.2	0.16816538415893667	-9.836889587949235	-1.3593576790261825	10.00442226774953
1429522256.22	0.1344492943593249	-10.037733220074964	-1.580889905919902	10.213178065174276
1429522256.24	-0.2191480558349759	-10.06436657136992	-1.583761598010585	10.057285152628742
1429522256.26	0.21575785879426623	-9.854145206254147	-1.502799820107882	10.083454698520358
1429522256.28	0.0605927607250788	-9.663714301271057	-1.4516722607166024	9.593736585169532
1429522256.3	0.02996695942090213	-9.7703250155486	-1.3813072692122004	9.767274493635014
1429522256.32	0.07314772650931001	-9.73324244501215	-1.441457676305951	9.78392833089007
1429522256.34	0.11546779659186882	-9.762005910263149	-1.6034160216860212	9.864802426527726
1429522256.36	0.2677448305596326	-9.752994047757566	-1.5775791176669671	9.99064547883294
1429522256.38	0.269952481420793	-9.545266625958794	-1.6783324882246602	9.665641698987784
1429522256.4	0.3317305153477442	-9.646079301778784	-1.7848670840210419	10.017814795252043
1429522256.42	0.10592598454316138	-9.889693854640026	-1.4341039527348147	10.002270060377521
1429522256.44	0.056144226228188626	-9.69617164326188	-1.611652731757786	9.82633278106398
1429522256.46	0.2561829000162182	-9.801625606186958	-1.5298173298854745	10.005120837130884
1429522256.48	0.11817880969737381	-9.781853637130201	-1.701577460655047	9.985114165951986
1429522256.5	0.14892895170697668	-9.791332489867186	-1.6139907052005409	9.945918526064562
1429522256.52	0.11954517028649486	-9.804309349351419	-1.3789760578465313	9.952599944594759
1429522256.54	0.05888729151279852	-9.814565487309777	-1.5225073057486014	10.02161964194041
1429522256.56	0.12064273836241204	-9.704817112603706	-1.3498405652563559	9.897505039099332
1429522256.58	-0.0010239816858225587	-9.861299546489334	-1.525640278327288	9.761370201207269
1429522256.6	0.10863359722646121	-9.747398676837076	-1.5277997369356757	9.848660178777077
1429522256.62	-0.10900934218722493	-10.011008943498265	-1.448435017678706	9.916917476193118
1429522256.64	0.09646823202140484	-9.85058919591992	-1.4926511515771754	10.032249972488625
1429522256.66	-0.0637598868015204	-9.781237169302777	-1.7526350653135052	9.844096854460878
1429522256.68	-0.020998075790466822	-9.901778968625687	-1.8762919714170196	9.992741453126136
1429522256.7	0.26604011846498077	-9.801284377151898	-1.4608466285289632	10.183664309034139
1429522256.72	0.17042451593708513	-9.686590405922278	-1.6739209423100094	9.89992442016437
1429522256.74	0.07866025124544145	-9.810813663467098	-1.7482820791756286	9.96024322149976
1429522256.76	0.08564936084391522	-9.714432277622128	-1.3074828627419932	10.093587097847387
1429522256.78	0.0443225478048339	-9.876877968990424	-1.6264200904478443	10.092254532614097
1429522256.8	0.18286349684611067	-9.794649780307575	-1.4195905922069512	10.09536126334514
1429522256.82	0.05866297535058172	-9.88669887066599	-1.549379909313933	9.974238103812985
1429522256.84	-0.01911375283944268	-9.844113449144645	-1.7622135383763335	10.145480740253054
1429522256.86	0.05022018658034168	-9.495774586483803	-1.3197667711277863	9.69104168484808
1429522256.88	0.03219061138914191	-9.664187842685505	-1.447363296682811	9.775228311584067
1429522256.9	0.0946889325610281	-9.775426205484962	-1.4831917663629584	10.088346343983153
1429522256.92	0.2646968922994443	-9.786259862508018	-1.6133104699252308	10.073477813137318
1429522256.94	-0.045979854621949146	-9.74493218920668	-1.6142834222984899	9.83859053862617
1429522256.96	-0.03120843016923318	-9.938758716672604	-1.5468602235548492	9.883323190984752
1429522256.98	0.10116517436858694	-9.820489020042725	-1.4668066040569718	9.949517156101775
1429522257.0	0.13028223766770175	-9.71894724071222	-1.6828372855780276	10.070269775342759
1429522257.02	0.021177756730583322	-9.725828859326645	-1.7097507702944255	9.815775423548256
1429522257.04	0.13448331807481848	-9.823414589326921	-1.585370563279566	10.124073885679547
1429522257.06	0.10256574399981978	-9.824607753628088	-1.5561158109287117	9.879456303597761
1429522257.08	0.038844553346753206	-10.039545493397375	-1.4539080766043393	9.910985801757356
1429522257.1	0.10886134256182303	-9.752820131879531	-1.3750767621019278	9.805993137742275
1429522257.12	0.259581644096444	-9.777436462173066	-1.498236774445637	10.104245814479267
1429522257.14	0.06835743659220389	-9.642710325231727	-1.239410159650303	9.977098404927776
1429522257.16	0.2034821742122332	-9.864596246341302	-1.432499779462639	9.92404236858152
1429522257.18	0.20516644187069843	-9.698043026373966	-1.5116635773327576	9.941973240090904
1429522257.2	0.15491915500097886	-9.6876382657182	-1.6319408496344685	9.918177985104851
1429522257.22	0.009275771866516302	-9.943167441839034	-1.4954875328609762	9.880518727827017
1429522257.24	0.04182979641707761	-9.938354050943493	-1.6139437166665287	9.935063898982982
1429522257.26	0.2050933832438368	-9.592493676105336	-1.1778914752623026	9.755220772636541
1429522257.28	-0.0797755224331527	-9.62669946575218	-1.6359319812315256	9.871752829232454
1429522257.3	0.0444446404240798	-9.93654435964952	-1.5904186085881244	9.956721880905858
1429522257.32	0.09833481075477528	-9.948029022491369	-1.386693359753056	9.768309511007883
1429522257.34	0.1101055670850718	-9.893085904153642	-1.5114627683109805	9.878313668313872
1429522257.36	0.07415507270086266	-9.615762207994381	-1.448348783005984	9.990897107530056
1429522257.38	0.1220953382268381	-9.737211037295008	-1.5144442560446036	9.908122230547756
1429522257.4	0.2519397700125745	-9.911953781267894	-1.5392463815818238	9.85089079712273
1429522257.42	0.09718730041451844	-9.940420604142709	-1.515189656608215	9.908532372073418
1429522257.44	0.06747072220461393	-9.612927025619841	-1.41136536419546	9.824251036082103
1429522257.46	0.08352768179528908	-9.775919559042183	-1.360003777499068	9.849650153310774
1429522257.48	0.13812993808163182	-9.562626233817715	-1.5012608939813814	9.879274739249707
1429522257.5	0.13430650302948594	-9.884136674827113	-1.5222150739521605	9.99897123538805
1429522257.52	-0.05334821979577073	-9.789208648203159	-1.419540925850196	9.714894679933147
1429522257.54	0.33642746057834005	-9.67921018451724	-1.666900547035287	9.889933294413295
1429522257.56	-0.024067701485738443	-9.864251386480962	-1.1888739239496717	9.86549343317542
1429522257.58	0.2487042389081467	-9.790018311429387	-1.4354009881073544	10.074051925484884
1429522257.6	-0.19965319067238552	-9.854937035472663	-1.6367039209892713	9.84747891008505
1429522257.62	-0.0035774746874928792	-9.811389845107223	-1.367177423779394	9.764744811739138
1429522257.64	0.22203661796099358	-9.823354352219145	-1.7071928829941654	10.102938819681327
1429522257.66	0.24554523734658346	-9.854214358573525	-1.6408921283130433	10.012171473364983
1429522257.68	0.07799792464719668	-9.579461595132232	-1.5768450599811987	9.952386651884424
1429522257.7	0.21907266801064082	-9.797117434490843	-1.5226035597962833	9.869881032314465
1429522257.72	-0.1270504282844288	-9.481274075366834	-1.5150640958343382	9.874345260772177
1429522257.74	0.21839166105971258	-9.895362316821656	-1.5706097940892234	9.854142149797637
1429522257.76	0.2943954623391628	-9.998401801689614	-1.588684571775354	9.948158124452876
1429522257.78	0.2895955283385988	-9.904233322555548	-1.4267624207829874	9.896847015666525
1429522257.8	0.19654400054955706	-9.868448247974504	-1.5438771075892102	10.066272013806596
1429522257.82	0.051226827917055504	-9.692412840771764	-1.3435807319247286	9.800843670874848
1429522257.84	0.1858978072632688	-9.862624992528138	-1.6577474416908191	9.948225213064982
1429522257.86	0.010302780678980515	-9.821371202592285	-1.4732858687690964	9.790066015581548
1429522257.88	0.26087640446043553	-9.83557132957719	-1.5324543345567367	9.98755884944259
1429522257.9	0.298860969922729	-9.75238018479463	-1.3752886409898695	9.933537970376673
1429522257.92	0.18048832656648855	-9.864432939931426	-1.6902181104933045	10.115335910723418
1429522257.94	-0.03149519299696243	-9.785372839995938	-1.601449723623168	9.883158785042866
1429522257.96	0.261180600983699	-9.621363494597963	-1.554464342122406	9.906447683799094
1429522257.98	0.11908948823333651	-9.736897197992532	-1.4423456715134118	9.942558795461904
1429522258.0	0.060765233499986776	-9.829430758334066	-1.3245901409454846	9.773431190527674
1429522258.02	0.0874824891544755	-9.659921423940581	-1.4542912802843935	9.994016454157201
1429522258.04	0.13531211567602847	-9.736026516743044	-1.2855187919724835	9.914352657779139
1429522258.06	0.17786977326656478	-9.778221585598613	-1.4054502888567548	9.84252139476272
1429522258.08	0.2789940060037075	-9.653390906979284	-1.515919369042758	9.977228214048232
1429522258.1	0.1962140159591507	-9.994960814903944	-1.3059606736871776	9.805107240298023
1429522258.12	-0.013301143815740858	-9.737727930193003	-1.7412736134433975	9.83472640805509
1429522258.14	-0.011288005973604742	-9.59018677523931	-1.4662966914233981	9.745536817012177
1429522258.16	-0.11313631669659704	-9.628374637801882	-1.487347550086056	9.784646545188226
1429522258.18	-0.2803168406817851	-9.5158964138857	-1.3639827771199178	9.773377950111591
1429522258.2	0.08966259971655308	-9.887907439272078	-1.4307619564732825	10.004873497388028
1429522258.22	0.2336496476374739	-9.730242775227147	-1.452729382333481	9.940256117989046
1429522258.24	0.05349373630340572	-9.729360913855427	-1.6572075485559803	9.946855498330704
1429522258.26	0.37636742092104786	-9.916097541046515	-1.3543590522987823	9.987388733020246
1429522258.28	0.1437413048771785	-9.833512238923364	-1.7209407420086913	10.106242999367469
1429522258.3	0.2776711102481637	-9.782269873627298	-1.7487540375536195	9.904633416779804
1429522258.32	0.21194037923965944	-9.714342902405145	-1.4006823132304995	9.775652249488965
1429522258.34	0.13689136963720713	-9.92183043364201	-1.5875418958057341	9.896334707672846
1429522258.36	0.18781287788056678	-9.919157377528306	-1.5424594889558572	10.12642249258014
1429522258.38	-0.07734917967237512	-9.929040662260004	-1.5290081101756967	10.042534577498746
1429522258.4	0.018584313547400783	-9.724367572544669	-1.8385896363908123	10.09825746353982
1429522258.42	-0.7105052189210025	-8.293123923306345	-3.4626167868463313	9.121672448977693
1429522258.44	-7.444514946474538	-17.85877315617498	2.692425312649708	19.63733961482993
1429522258.46	0.4107617309736425	-15.525698651295036	0.38933661640964357	15.515738581771858
1429522258.48	-0.5682589964212359	-8.781188132896194	-4.358822405105561	9.69162447644028
1429522258.5	-4.522442306695754	-16.215562220801655	-7.395558522098174	18.336480716318622
1429522258.52	-2.186657534266468	-12.296549258904214	-4.326579416084193	13.161331744970798
1429522258.54	-0.5227058946482989	-10.099888755036805	0.005912576488243018	10.219659010584524
1429522258.56	0.638184291002601	-8.31993999195446	-1.5074097724692246	8.192685528536085
1429522258.58	1.434224755018009	-8.65872107028891	-3.092923917520498	9.230253419105397
1429522258.6	2.719310130494486	-7.354811375687875	-2.3404219986350547	8.526152270154952
1429522258.62	3.72358034829118	-5.603242607394293	-1.6108439530875356	7.13499370075389
1429522258.64	4.481892248594404	-3.658220294398598	-2.0074433707874153	6.133922724994428
1429522258.66	4.993269828395076	-5.503352615044766	-2.4863850559770473	8.054075273049241
1429522258.68	5.502585001833806	-6.6832103079958936	-3.2449733192198917	9.0702186289838
1429522258.7	6.02881041952292	-7.97879123605823	-3.4193043345080874	10.362369275081615
1429522258.72	5.31093253373041	-5.226883899058649	-2.5896019101972385	7.9106290051723835
1429522258.74	4.843038049474	-2.5123887585641667	-2.848347218958807	5.924435983273575
1429522258.76	5.860668548848969	-3.331283104086867	-4.2199235053786515	8.117337905178877
1429522258.78	5.053317885982684	-7.105185311314934	-5.384882629558165	10.56124659288735
1429522258.8	4.103588053717765	-7.638480764069874	-6.977559337956188	11.05234047260817
1429522258.82	3.4511272710811722	-6.686478298471291	-7.130864610317646	10.206732463171802
1429522258.84	2.9542035510905813	-4.637582369305311	-7.129635223680593	9.116999595899985
1429522258.86	3.3229972319477032	-4.446513446331384	-8.415042511699202	10.093166917857003
1429522258.88	3.1617033528209446	-4.737103812250925	-8.693744886814935	10.506056665086687
1429522258.9	3.539903384956464	-4.833478265528513	-7.972606323939879	9.691293781227651
1429522258.92	2.591902267574148	-3.542230903837482	-7.300321393658269	8.606251184958028
1429522258.94	2.9966849308974712	-3.1131613837726446	-9.211515948097453	10.058402900238077
1429522258.96	3.7599125693909583	-5.32425356110949	-9.76037768187304	11.810854482222263
1429522258.98	4.3740514020752395	-6.193796175580244	-8.288302446011341	11.243189749015482
1429522259.0	4.770079811324122	-5.167611805832467	-6.5217715200603665	9.674884533263553
1429522259.02	4.332474215541529	-3.597975217332317	-7.041040775854538	9.187340319992751
1429522259.04	4.192031880477675	-4.477038932192026	-8.161374860874572	10.157867915886733
1429522259.06	4.53488004947844	-5.721428281663192	-7.8945271106189265	10.783318644273693
1429522259.08	4.8008608204438525	-5.7420949609787835	-6.923114539240332	10.099467901604916
1429522259.1	4.726247041126361	-4.2087769897522564	-6.56256599387965	9.002223056295577
1429522259.12	4.426662771897046	-3.890665596592766	-7.218262951640797	9.330143540915927
1429522259.14	4.14614770416407	-3.3705980987543085	-7.114008766459426	8.87443986357691
1429522259.16	4.719003710699815	-4.988982635767682	-7.618226925930367	10.51197393426398
1429522259.18	4.763574312688606	-5.430698825913409	-7.364467300368741	10.3447829262674
1429522259.2	5.21621036506975	-4.871008259813161	-7.832285880101291	10.440510932142303
1429522259.22	5.454036671141906	-3.6889580602799534	-7.560243668971784	9.897030453329352
1429522259.24	3.706629698599306	-3.2198571674758174	-6.3274759832680125	8.214252997021806
1429522259.26	4.722057342909298	-4.2533930768281785	-7.13087760115618	9.323409822121025
1429522259.28	4.7140420758017205	-4.896985875763716	-7.824844065741581	10.416788658748034
1429522259.3	4.674451831209488	-4.9819044735729765	-8.111920253773917	10.801759730391696
1429522259.32	4.147862360270347	-4.47481220309192	-7.616357042432515	9.997028113797029
1429522259.34	4.470940493315021	-4.508256694768838	-7.490117122334378	9.874236535299948
1429522259.36	4.594592860080179	-4.196602223638125	-7.61814917268269	9.805650498837993
1429522259.38	4.379211913790787	-4.344473835171283	-7.464191573554823	9.683411845068711
1429522259.4	4.731520017082543	-3.9856387385322405	-6.905669103124397	9.090120874162203
1429522259.42	4.412159369810373	-2.9253554538803486	-6.22846627356685	8.363132792290385
1429522259.44	4.371651638387341	-2.901702410772433	-7.140150413908558	8.919436088477301
1429522259.46	5.179480670926545	-1.7802917593271452	-9.246869723257243	11.051780661635545
1429522259.48	3.1711445057001955	-1.108492898298398	-8.294741592309121	8.93892128246142
1429522259.5	5.18854573386435	-2.1237678657628694	-6.0884333103393775	8.070396181728558
1429522259.52	6.1772630494596505	-3.33192675191082	-6.402328582150881	9.359616140816932
1429522259.54	4.932753356504259	-5.455793260151177	-8.342122717960901	11.0164101560294
1429522259.56	3.755405131790119	-4.497575343936441	-9.719283266767565	11.223153746966531
1429522259.58	3.2601517414999037	-4.913778519175232	-8.791828289784709	10.5922371342709
1429522259.6	3.5451968082927645	-4.39174948914016	-7.873567240812523	9.709329162640348
1429522259.62	3.6038267750159045	-4.234757611469629	-10.02468316616663	11.351452921920075
1429522259.64	1.6081835031349272	-4.644780035918786	-11.560178796902736	12.427697465854362
1429522259.66	2.221940392120899	-3.277077490180944	-9.8521223765686	10.582757943246607
1429522259.68	4.433114574192866	-2.4238125889566673	-7.868877559711541	9.336623827683486
1429522259.7	4.372871881471763	-2.5556026817126356	-6.705029037270692	8.360129420434877
1429522259.72	3.0930886155415225	0.6294809834046482	-7.750670045625385	8.333551963171374
1429522259.74	4.03286354923901	3.3634077774720366	-10.495619405998733	11.936565968258616
1429522259.76	6.12585523620525	-1.8429524441876433	-9.528850391584974	11.446597579513508
1429522259.78	9.406239293701917	-4.1714551799202315	-5.815720338535716	11.695767554295347
1429522259.8	8.300094447895455	-2.861378771833713	-5.366294699406348	10.182584152369072
1429522259.82	6.074913187878151	-1.3042110366387394	-9.108856055212208	11.087586165939735
1429522259.84	5.526147958311151	-2.1522115006957807	-9.94068523011855	11.707919487206574
1429522259.86	6.063331091129081	-1.6003687275709026	-7.15261973683955	9.652028859992786
1429522259.88	4.835496136377988	-0.6092596954796653	-7.643552185311993	8.928723340485941
1429522259.9	4.93345854406073	-2.333547652533282	-8.605163419932586	10.290652759004029
1429522259.92	4.563196382602066	-2.2073235438845713	-8.611832883719277	9.780173720392213
1429522259.94	4.541437663707836	-1.8498605994794965	-7.600520930162995	9.060725324790756
1429522259.96	7.382662584445677	1.145947904694383	-10.820233366215968	13.030605186493746
1429522259.98	3.0592065811218037	-2.5498427945841255	-8.55571467738775	9.267049180281258
1429522260.0	4.1019261566454155	-1.35658021594638	-8.498937446752734	9.688413749667168
1429522260.02	4.5007902304096215	-2.834394763063148	-8.24135625691526	10.035128398542804
1429522260.04	3.8188508533380117	-3.4486899698963094	-8.669489922633808	10.021382749515322
1429522260.06	2.952226230170651	-4.224406594464998	-9.974610159655821	11.255071439762382
1429522260.08	2.2331222276726543	-6.511926246686079	-10.698021892145622	12.858194835931865
1429522260.1	3.257929054633558	-4.905192381697506	-10.161537219202327	11.71386850187301
1429522260.12	4.783520173869493	-1.4382463638404923	-7.3425957480534745	8.779954436258251
1429522260.14	4.067143425412357	-1.49404882001755	-6.979403117342956	8.233816235512851
1429522260.16	2.552750905684537	-3.8615255161805635	-9.369647933833388	10.715415669680365
1429522260.18	2.5193441412506155	-3.6380902697145916	-9.381729042874833	10.358610804716912
1429522260.2	2.933925555668072	-3.2852585832202705	-7.591592363627264	8.832774235044889
1429522260.22	2.2289927868701103	-5.010969426384566	-9.306447269545052	10.80089966367837
1429522260.24	-0.22131053670771061	-4.052042356577037	-14.45535472942245	14.989228228094861
1429522260.26	-0.3157934186502834	-1.7806948292917983	-9.142332563478838	9.54273951152879
1429522260.28	1.3273631099538683	-2.9332655823037164	-10.355305930909317	10.83988272322353
1429522260.3	2.584120376377133	-3.970166200287312	-9.065875480349382	10.194607399422075
1429522260.32	2.475042070756566	-3.0297074653044005	-9.074570730787821	9.89106489471052
1429522260.34	1.8260729555376594	-3.5421645739641296	-9.627657996353864	10.30768754074212
1429522260.36	1.681768310133174	-3.5253630350452685	-9.604952776009004	10.14651585409909
1429522260.38	2.043504949260992	-3.2498629719547325	-8.93390269279925	9.740109543145886
1429522260.4	2.1633734627009535	-3.716868389801482	-9.404634462468684	10.191111815729915
1429522260.42	2.3040269840257035	-3.142925808831396	-9.20393020154156	9.962520958306895
1429522260.44	2.383603632369505	-3.6004462960066506	-9.081650691437478	10.18978560412679
1429522260.46	2.3067978280787567	-3.8310108481151772	-8.959473382101988	10.078553113773536
1429522260.48	2.33248420274216	-3.830444691962617	-8.922023547927427	9.87087787085432
1429522260.5	2.4403894457965416	-3.422485490497163	-8.98269645958748	9.983457255833372
1429522260.52	2.27655676209201	-3.3394486336856573	-8.94246558259658	9.719017074134802
1429522260.54	2.431202276183445	-3.814577956461128	-8.900483360745223	9.86732905995202
1429522260.56	2.4567247594485346	-3.227896181557353	-9.13660761116321	9.842814135723968
1429522260.58	2.3532203292583347	-3.533097495972285	-8.826536139685896	9.90578603239874
1429522260.6	2.340395961462854	-3.465502626844123	-9.202011893209422	10.075185949114475
1429522260.62	2.4839851713477965	-3.6140970416235176	-8.918509197804125	9.847927007197226
1429522260.64	2.3311198615933684	-3.6287629556355117	-9.247389096463142	10.14164298611288
1429522260.66	2.139393549749721	-3.5446490186739545	-9.124386850782916	10.058382580840698
1429522260.68	2.2066291628491888	-3.75731241272771	-9.435379171173253	10.36362441244591
1429522260.7	2.3845995928638755	-3.1919912530393777	-8.956150548559991	9.791913640869652
1429522260.72	2.7032771434056104	-3.9376516949090585	-8.738622822606573	9.931246707207675
1429522260.74	1.9873908286142874	-3.5031058313207883	-9.130331434563672	10.287286107696467
1429522260.76	2.3076710731198053	-3.3744068291071274	-9.159655453600497	9.96800539957046
1429522260.78	2.5381539852064683	-3.7693876449655845	-9.186074430209013	9.954495801074284
1429522260.8	2.5035542301133265	-3.596538490878417	-8.700614854566693	9.677316041571384
1429522260.82	2.314707154030268	-3.8409363365337987	-9.049079520891548	10.234419607907142
1429522260.84	2.4745464050657837	-3.7578332310836045	-8.999286210484271	9.942917700484957
1429522260.86	2.139174781945647	-3.6043503644941515	-9.044523141603726	9.884478924838344
1429522260.88	2.33067909624128	-3.6470969867207197	-8.942779077893553	9.952154987624487
1429522260.9	1.9810008622205912	-3.7528935297617796	-9.1024165434029	10.05321941998974
1429522260.92	2.028354179436434	-3.969502464567473	-9.109967815832215	9.885207777853541
1429522260.94	2.4156160343305686	-3.4174102920565566	-8.531678701548103	9.565743585521783
1429522260.96	2.421429222535676	-3.7358814343289724	-8.613938599902157	9.81644655689897
1429522260.98	2.3087098207744723	-3.5972649085557724	-9.337757778001565	9.972644927071125
1429522261.0	2.2036438358859733	-3.66618323549353	-9.294902871853097	10.306030258779193
1429522261.02	2.644856714651038	-3.7199588942623323	-9.173840869007497	10.072238813447386
1429522261.04	2.3595214110732283	-3.7724618712684745	-8.790708785924064	9.839717750681439
1429522261.06	2.129735834558615	-3.4766895764551995	-8.88290792154288	9.786057677315055
1429522261.08	2.6422013400069715	-3.935891596862879	-9.070244046994219	10.078705156000337
1429522261.1	2.108878852899623	-3.4228865075377044	-8.735583319675275	9.774103537352069
1429522261.12	2.327718822703117	-3.7068403059844233	-9.003635273515307	9.98412632075108
1429522261.14	2.1932995070618175	-3.725730547040107	-9.453866256992631	10.070933953594203
1429522261.16	2.340013897844716	-3.5586356218864816	-8.98044018505618	9.865008770428691
1429522261.18	2.396899834949759	-3.552493671955341	-9.081706725520677	10.188243079629629
1429522261.2	2.3041412720689207	-3.7873549101160653	-8.876199127005298	10.049865116845307
1429522261.22	2.131243207082711	-3.890926343004003	-8.868745021729643	9.956190712588995
1429522261.24	2.2181899765067397	-3.722597993967743	-9.116066240662073	9.964621034619446
1429522261.26	2.293565083269019	-3.3871962296960616	-8.737160434069366	9.691382726606491
1429522261.28	2.3467855732954295	-3.574403633568957	-8.90035607268065	9.873909984244309
1429522261.3	2.5414779813566293	-3.803047653012563	-8.887157090484038	10.135776535630017
1429522261.32	2.4707469941175226	-3.748619354318398	-8.85478262993935	10.046111132414012
1429522261.34	2.3907545953695912	-3.8941748919618746	-9.137632468522694	9.834784996861778
1429522261.36	2.344362048570523	-3.735958854066448	-8.933939402263439	10.07028914579969
1429522261.38	2.4998116626622964	-3.40331462685643	-8.956990853244768	9.763831667858586
1429522261.4	2.3546756668106603	-3.759085296881513	-9.369035273301996	10.328324916763131
1429522261.42	2.323115480167632	-3.7499352663595076	-9.239849661181237	10.3540396219319
1429522261.44	2.4800320066348767	-3.9834137571080306	-8.675362703154008	9.946074252114665
1429522261.46	2.576202748077033	-3.874603332187896	-8.695572857943935	9.696589125923547
1429522261.48	2.265146093999946	-3.802548954348896	-8.73686097545629	9.894300342807773
1429522261.5	2.194648049950018	-3.8090290326552796	-9.165982424762571	10.1036672430182
1429522261.52	2.396054035373611	-3.5813250517470157	-8.967331521546969	9.897133889677223
1429522261.54	2.5684363581363923	-3.8213762469112327	-9.05838343625713	9.984546506392405
1429522261.56	2.2005916062696	-4.089551181255894	-9.145783140696027	10.22830441860604
1429522261.58	2.1252457403733365	-3.921582450491176	-8.866414264498074	10.037561547125167
1429522261.6	2.1718060202343272	-4.051885798108992	-8.57341916845817	9.92117742228606
1429522261.62	2.452647230048972	-3.8599006940029614	-8.653712369213318	9.638754619589694
1429522261.64	2.556904159010082	-3.6454503797916074	-8.907456425613935	9.85593523882131
1429522261.66	2.4407789090709184	-3.8070663042888016	-9.071232997228725	9.955780327419227
1429522261.68	2.1226820940959734	-3.8301717481303643	-9.030286428727873	9.952475129069184
1429522261.7	1.9781651862658867	-3.7885005721144958	-8.928253745956878	9.962891444373486
1429522261.72	2.5365038749396027	-3.81410841728413	-8.718787878045744	9.86073970157697
1429522261.74	2.342188286571107	-3.9601776701496445	-8.476507877699632	9.760683249987501
1429522261.76	2.5226445027555084	-4.112090812949175	-8.84705739989004	10.017820139569235
1429522261.78	2.4333270239244724	-3.8866631437340606	-8.855436457511798	10.094188133447465
1429522261.8	2.149166306535614	-4.05437771911304	-8.73788209342679	9.926238080729052
1429522261.82	2.447534944353872	-4.049520027828896	-8.440836535643445	9.660345627501945
1429522261.84	2.494239457046976	-3.796259193848085	-9.010029028209352	10.102826219779423
1429522261.86	2.5403033684233916	-3.8389077125250086	-9.028777883397286	10.084585281043
1429522261.88	2.4834548924385005	-3.956109325172714	-8.941108503182944	9.94731018381326
1429522261.9	2.402550733516528	-4.065346830012025	-9.050022282189552	9.951175387144106
1429522261.92	2.3099071500499493	-3.723968315604797	-9.017260092073895	9.943355335324659
1429522261.94	2.262250041580044	-3.4944276455395364	-9.552391952510886	10.506970584617704
1429522261.96	2.248412113350994	-3.8899791001930812	-10.85490786111582	11.611319503567756
1429522261.98	1.8489466106878307	-4.603033213489947	-12.256133028905316	13.161729925393821
1429522262.0	2.028200491835939	-4.796668844918135	-12.719412752158911	13.967023217152688
1429522262.02	3.8964503096304646	-11.651509000515825	-12.363941441092512	17.14885866703446
1429522262.04	5.889546665200882	-10.472364740504739	-11.32583303620712	16.759289471124518
1429522262.06	6.468979765797041	-4.458572328572764	-10.052055091344808	12.911542588581408
1429522262.08	6.007025438611037	-0.5340845127728886	-11.532066147221457	13.258560844628525
1429522262.1	4.7538977461061105	3.3898424529064326	-11.254273256917617	12.463435869920888
1429522262.12	7.201944756070981	0.46315077913083935	-7.488153168292052	10.51102279199967
1429522262.14	8.752215566469632	0.839216818426078	-3.9854827222474554	9.550513978229565
1429522262.16	8.030876722645603	-4.851751574516771	-2.064054117491866	9.577898164159711
1429522262.18	6.698146778574304	-6.660547270214769	-5.927011733164294	11.02780123395434
1429522262.2	1.5388848773872421	-0.0935956010040793	-8.375286998530731	8.375680009377326
1429522262.22	3.271222582851063	-0.5391173030302011	-6.363401761987112	7.096165821214315
1429522262.24	5.30723107083446	-2.014217071553402	-2.2283254811249766	6.154683882147114
1429522262.26	8.866717257404213	-6.18081345062687	0.4008868847626649	10.81435454357985
1429522262.28	4.295423044302675	-10.0477076487508	2.02998437752324	10.980018898413924
1429522262.3	3.5379377196713104	-6.957467852714872	0.11438505295411919	7.786646830930614
1429522262.32	-1.3466155027477873	-9.40560400185866	-4.415123025930282	10.644880197463019
1429522262.34	-0.3848104234205404	-10.970166168487577	-4.301798217494641	11.702142801932272
1429522262.36	-1.5648904890783744	-6.155061746228517	-1.0816188011001042	6.355964960121462
1429522262.38	-1.3454429808039576	-10.580936484261121	-0.9660820024124225	10.646261904394438
1429522262.4	-1.218415602822122	-9.937660829070895	-3.8992811496440196	10.771480473586026
1429522262.42	-0.4399877726838692	-7.97305509837536	-3.3771694993405	8.590106287026464
1429522262.44	-1.7682804293861976	-5.748591354925303	0.0010953318335461537	5.95319672704838
1429522262.46	-1.8743462867787206	-6.2390319645599694	0.6166504924923149	6.502686006919465
1429522262.48	-1.707956769816033	-11.067459257521985	-1.6567240168820099	11.219624546579936
1429522262.5	-1.682108947502088	-10.806421669509271	-2.122854174188867	11.367901467870416
1429522262.52	-3.549744700335831	-8.402989132865251	1.524229681875027	9.496414658068087
1429522262.54	-2.977575422184437	-7.562414560573886	-0.12639805070480908	8.246686800663936
1429522262.56	-1.3082551723237685	-9.817861606194649	-1.8486167057591678	10.160215091028784
1429522262.58	-1.4925225781728506	-11.664632610315136	-1.390598384504784	11.618289637057613
1429522262.6	-3.230809655098483	-10.528230258953677	0.8632671498429753	10.95598236720676
1429522262.62	-1.3810096338204723	-12.595524925675175	2.745777903745909	12.866831698196206
1429522262.64	-1.2758937305826141	-14.26224384344395	1.2033685518212283	14.447641798205023
1429522262.66	0.11336900054896669	-12.425715789044647	-1.5383429862725142	12.646030538608727
1429522262.68	-2.9639503314732893	-10.052235199023137	-0.07329527846677511	10.409449097515358
1429522262.7	-1.8942824968066134	-7.827417497916617	2.3305045738550767	8.25158755714563
1429522262.72	-1.7368388613366688	-4.645837453531771	3.295716126648072	5.891791844536693
1429522262.74	-1.8134145530148627	-8.147885028493333	-1.0295443187826097	8.556878312990495
1429522262.76	-2.9668106638085856	-6.5994004170239995	-2.3759259168845883	7.591843206374424
1429522262.78	-2.770290511377662	-6.106141563274906	-0.6174073542944103	6.668883211439107
1429522262.8	-0.5126399508845839	-17.13336076158824	3.2309861404677807	17.352137463147884
1429522262.82	-5.037889224886835	-17.17602993101764	-2.9000941291847844	18.275853535654413
1429522262.84	21.188571557089944	4.084084316645683	2.8164788651361468	21.63171492940704
1429522262.86	7.497383535925433	-2.4720307046553787	1.5735656093594559	7.957516334841294
1429522262.88	2.3796686349012517	-11.136980944272624	-3.2928171676857247	11.800853435611616
1429522262.9	-1.3872364718618564	-12.192209211905913	-8.265507827859027	14.678004410289185
1429522262.92	-0.26130653857084896	-10.147474148973428	-4.96634073981132	11.172006515346569
1429522262.94	0.37489112041396955	-9.567401780514004	-1.8220619593245628	9.822794584495
1429522262.96	1.0852497898358777	-9.36395553278158	-1.636371330644752	9.429998467877558
1429522262.98	-0.1082357076487088	-10.028800288081577	-1.917614162796631	9.92066107312631
1429522263.0	-0.48821839525256217	-10.755921474116736	-0.5653834459359541	10.777928152008348
1429522263.02	0.14945020284789096	-10.119906850777802	-0.5630316657515018	10.041891118570256
1429522263.04	0.21703814067555632	-9.540807620592439	-1.6719877499019864	9.826888102477428
1429522263.06	0.4924987131204664	-9.618191252216022	-1.4538237786826431	9.746004984969895
1429522263.08	0.5243054655214052	-9.906232698610847	-1.3034695781787962	10.132035331210464
1429522263.1	-0.0503590870353616	-9.758891721159078	-1.5262308985047606	9.746792948538337
1429522263.12	0.008330202889865329	-10.02836565336145	-1.0852203641891225	10.195277383245976
1429522263.14	0.2618856585165725	-9.876005834624877	-1.4620438862099245	10.027818079063447
1429522263.16	0.15336768225594014	-9.792710726681852	-1.460619162804011	9.9816600801911
1429522263.18	0.259498281949538	-9.672492264294085	-1.5934068873002367	9.957220928782183
1429522263.2	0.2210083408901506	-9.83658384158167	-1.4894454238554724	9.92246732176098
1429522263.22	0.1289246807094283	-9.660946864752233	-1.4944735526745005	9.977631103267653
1429522263.24	0.031392390667482714	-9.580078640599336	-1.2342623636908359	9.816721852641361
1429522263.26	-0.035016676187152485	-9.647676386296874	-1.3545954969024179	9.747419927824936
1429522263.28	0.11791178355733994	-9.809277334050288	-1.3718678172258956	10.050285136880715
1429522263.3	0.13254348627979506	-9.798907830958685	-1.7000345238853962	10.024320405764458
1429522263.32	0.1204324284336109	-9.633878006312228	-1.5568850775575278	9.879735212806583
1429522263.34	0.24748851484596313	-9.793643951560414	-1.745030253476837	10.07130212545609
1429522263.36	0.06078944134403429	-9.740358547340826	-1.4850007774909382	9.8507724294438
1429522263.38	0.017915879656647135	-9.771307095183392	-1.5347730491254468	9.835853591985705
1429522263.4	0.18689798001968408	-9.715968711409747	-1.7366640124751247	9.99718205004667
1429522263.42	0.26630100439204807	-9.692813432299907	-1.5845966236819	9.903951748495713
1429522263.44	0.2758705621742427	-9.708771115092718	-1.2319981530251787	9.898895727324653
1429522263.46	0.12803992365550598	-9.849824152441741	-1.4850732319903517	9.785695446123162
1429522263.48	-0.13272258119822616	-9.723633950840997	-1.2455490352088294	9.788504564985969
1429522263.5	0.2837931510495493	-9.779161156293885	-1.590315979764095	9.93616550173957
1429522263.52	-0.06741060440017513	-9.620967045426406	-1.5779024584777965	9.825575672342248
1429522263.54	0.36076686452923035	-9.83944817862861	-1.3995853208308084	10.071891741522458
1429522263.56	0.028761452816378624	-9.83438183187193	-1.4547788575656222	9.802507621057474
1429522263.58	0.27370845558511914	-9.9333988168389	-1.3911198083097047	9.883994227581669
1429522263.6	0.5014553269444666	-9.936158964877956	-1.172188458664588	10.099323516883238
1429522263.62	0.33862172268658114	-9.821074879244739	-1.591960645226668	9.851882841008246
1429522263.64	0.013116502961451892	-9.943526774244365	-1.2867728437317658	9.985499171924168
1429522263.66	0.007500551726262059	-9.718096978917574	-1.406400178461897	9.827018999199453
1429522263.68	-0.01448005146313705	-9.952360247698577	-1.3885932798765106	9.8278215169348
1429522263.7	0.25518235989535876	-9.813533531117734	-1.3708665592599714	9.819913449686714
1429522263.72	0.07661085493954041	-9.79681147986202	-1.522571914910374	9.96810896840025
1429522263.74	0.18510481724929526	-9.814214545444495	-1.5202711011408527	9.929813204141338
1429522263.76	0.18438775518134018	-9.976911097314312	-1.2881220892927578	10.060080975504244
1429522263.78	0.10479929850613266	-9.813825993839663	-1.3306925878537395	9.932273037825867
1429522263.8	0.017599512204351676	-9.587861805769574	-1.504960907620932	9.742825340038802
1429522263.82	0.2110300117968149	-9.869982404095074	-1.5961484857480357	10.036459913793168
1429522263.84	0.08113786561573827	-9.718927511372664	-1.325985881795092	9.823897626710524
1429522263.86	-0.11065612620324297	-9.84348064715816	-1.527054546852279	10.004467747422407
1429522263.88	0.22900962281835693	-9.749357584631914	-1.5437535838293155	9.745855960653824
1429522263.9	0.17607736288704684	-9.947621965909983	-1.2004745578649478	9.980279615089028
1429522263.92	0.16692360510890547	-9.781229586556835	-1.3485161174647013	9.813503159581149
1429522263.94	0.06470770354202718	-9.592960207048373	-1.384587026691115	9.712089576721475
1429522263.96	0.08845031972228345	-9.712739351625292	-1.6655643905469681	9.823085321643566
1429522263.98	0.38909341591077345	-9.951602987898678	-1.6524502654894517	9.970648101446004
1429522264.0	0.2573345130159013	-9.913851866394058	-1.5574051592104399	10.157201256693543
1429522264.02	0.11376001900750186	-9.73848023630871	-1.5461213166234107	9.722565104888334
1429522264.04	0.07104443852100864	-9.751557231410619	-1.5356053291129124	10.021850422875714
1429522264.06	0.2028516445601926	-9.862214884061425	-1.5986407375428169	9.86737452225965
1429522264.08	0.1041005077412881	-9.727077620483058	-1.7823732024684502	9.857651812376211
1429522264.1	0.2909991777170768	-9.869387784314684	-1.5310473279720531	10.034574824697954
1429522264.12	0.03949701495070332	-9.87422802197197	-1.4999596327022948	10.093102672909279
1429522264.14	0.27112020739265613	-9.912314138380946	-1.430828917879031	10.030234004770984
1429522264.16	0.1435283704228726	-9.712971364807123	-1.5298175135134204	9.76335177567319
1429522264.18	0.17970148110054848	-9.70699684438284	-1.6430742073830111	9.937069745687902
1429522264.2	0.2793484263074874	-9.76205410015077	-1.3686238096371413	9.841069881962033
1429522264.22	0.2820350815048627	-9.683532342101186	-1.6648901559621412	10.037574588447477
1429522264.24	0.2418346597121646	-9.878757010343897	-1.5254630037649217	10.110527226264114
1429522264.26	0.19660567419540328	-9.83319543474524	-1.6373801856964754	9.789306427160664
1429522264.28	0.1824320063972475	-9.977124915632277	-1.6087345876046737	9.952046942204797
1429522264.3	0.08870687151445811	-9.72033229486428	-1.5546327411545904	9.762824333565304
1429522264.32	0.21559385552020371	-9.997755649627237	-1.6198525778502613	9.963718207195248
1429522264.34	0.17202669510012208	-9.873543585869578	-1.6071842091316246	9.863195962896002
1429522264.36	0.17065375293884277	-10.011625395614178	-1.4621460378188629	9.790830790628384
1429522264.38	-0.0007415500449039908	-9.727483065120778	-1.3988996184189166	9.722692061293154
1429522264.4	0.010906137741850924	-9.699142210884947	-1.3295264586566402	9.948497691605178
1429522264.42	0.05738714825464018	-9.774986091912215	-1.7519719892533505	9.823354843544678
1429522264.44	0.1326010832751842	-9.742953536616557	-1.4655684231348616	9.905272525814967
1429522264.46	-0.0284329474887048	-9.632971136971598	-1.4751986339098737	9.924868390778302
1429522264.48	0.12493721425762834	-9.731135429794508	-1.4238513534782877	9.795152409043256
